0 1 0 0 0 0 0 0 0 0 0 0 2 0
0 0 0 0 0 0 0 0 0 0 15 36 39 0
0 0 0 0 0 4 0 0 4 0 2 1 3 0
0 0 0 0 0 0 0 0 0 0 0 0 1 0
0 0 0 0 0 0 0 0 0 0 0 0 1 0
0 0 0 0 0 0 0 0 0 0 0 0 0 0
2 0 0 0 1 0 2 1 2 0 2 3 0 0
0 0 0 0 0 0 0 0 0 0 0 0 0 0
0 0 0 0 0 0 0 0 0 0 0 0 0 0
4 2 2 2 2 2 1 2 2 2 3 1 2 0
0 1 14 0 3 0 7 4 0 10 0 0 0 0
2 2 3 2 3 4 3 3 2 3 2 2 2 0
2 4 2 2 2 3 2 2 2 3 3 2 2 0
4 0 0 0 0 0 1 1 0 1 0 0 0 0
5 0 1 1 0 0 1 0 0 3 1 1 1 0
0 0 0 0 0 0 0 0 0 0 0 0 0 0
0 1 2 2 3 2 2 3 3 4 3 2 2 0
0 0 0 0 0 0 0 0 0 0 0 58 0 0
2 0 0 0 0 0 0 0 0 0 0 0 0 0
2 0 0 0 0 2 4 0 2 0 2 4 1 0
5 13 13 16 8 10 3 1 32 10 28 3 8 0
0 0 1 0 0 1 0 0 0 0 0 0 0 0
3 3 2 4 2 2 4 2 3 2 2 2 3 0
2 4 4 0 1 7 0 3 2 9 3 2 2 0
1 0 0 0 1 0 0 3 3 0 0 4 1 0
0 0 0 0 0 0 0 0 0 0 0 0 0 0
0 0 0 1 1 0 1 0 0 0 1 1 0 0
0 0 0 0 0 0 0 0 0 0 0 0 0 0
0 0 0 0 0 0 0 1 0 0 0 2 0 0
0 0 0 0 0 0 0 0 1 0 0 0 0 0
30 12 12 22 6 94 18 70 14 16 20 30 0 0
0 0 0 0 0 0 0 0 0 0 0 0 0 0
3 1 2 0 1 2 3 0 2 0 3 1 9 0
1 1 0 2 2 1 1 1 3 4 1 1 1 0
0 0 0 0 1 0 0 0 1 2 3 3 1 0
0 0 0 0 0 0 0 0 0 0 1 0 0 0
0 0 0 0 0 0 0 0 0 0 0 0 0 0
2 4 5 4 4 3 4 2 4 3 2 4 3 0
0 0 0 0 0 0 0 8 7 7 23 45 19 0
0 0 0 0 1 0 1 6 0 0 0 2 0 0
6 8 2 16 6 4 4 0 6 6 10 14 2 0
5 6 0 0 1 1 1 7 2 7 1 4 12 0
0 0 0 0 0 0 0 0 0 0 0 0 0 0
5 1 2 2 0 0 3 5 1 0 3 1 1 0
0 0 0 0 0 0 0 0 0 0 0 0 0 0
1 4 0 0 0 0 0 6 10 0 0 7 0 0
0 2 2 0 1 1 0 0 0 0 1 3 0 0
2 3 2 3 0 2 0 2 2 2 0 4 2 0
1 4 1 1 0 1 1 0 14 4 3 4 0 0
0 1 2 1 0 0 3 1 3 2 0 0 0 0
5 2 4 3 1 2 0 3 3 0 2 0 0 0
0 0 0 1 1 1 2 1 1 1 0 1 1 0
2 3 3 3 3 2 2 3 3 2 2 2 2 0
4 1 4 6 2 2 1 4 4 3 2 2 3 0
0 0 0 0 0 1 1 1 1 1 1 1 1 0
2 10 17 12 6 9 14 8 4 3 12 7 9 0
0 0 0 0 0 0 0 0 0 21 27 42 22 0
3 2 2 2 2 2 2 3 6 2 4 1 4 0
0 0 0 0 0 0 0 0 19 17 34 25 26 0
6 1 2 2 4 2 0 1 1 0 0 2 2 0
0 0 0 0 1 0 0 0 0 0 0 0 0 0
1 3 6 3 0 8 0 5 0 3 3 1 6 0
0 0 0 0 0 0 0 0 0 0 0 0 0 0
0 0 0 0 0 28 8 16 10 31 10 20 21 0
0 0 0 0 0 0 0 0 0 0 2 1 2 0
0 0 0 0 0 0 0 0 0 7 1 0 0 0
0 0 0 0 0 0 0 0 0 0 0 0 0 0
9 5 3 5 6 8 9 10 11 23 18 17 20 0
0 0 0 0 0 0 0 0 0 0 0 0 7 0
0 1 0 0 0 0 0 0 0 0 0 0 0 0
0 6 18 7 4 0 2 9 2 19 14 32 31 0
5 8 11 1 14 13 10 11 2 11 5 14 30 0
0 0 0 0 0 0 0 0 0 0 0 0 0 0
0 2 6 2 0 5 9 14 1 6 7 4 3 0
0 0 0 0 0 0 0 0 0 0 0 0 0 0
2 1 0 0 0 3 1 2 1 2 1 1 1 0
1 0 0 0 0 1 1 0 0 0 1 0 0 0
2 1 1 0 1 0 1 0 0 0 0 0 1 0
0 0 0 1 2 0 0 0 0 0 0 0 0 0
0 0 4 0 8 0 4 2 0 0 0 0 0 0
5 0 0 1 9 0 14 6 2 0 3 0 7 0
4 2 2 1 0 0 2 2 5 3 2 2 2 0
0 0 4 0 0 0 0 1 0 0 1 2 0 0
1 1 2 2 2 0 0 1 1 1 5 1 0 0
0 0 0 0 0 0 0 0 0 0 0 0 0 0
0 2 0 2 4 0 0 1 0 1 1 5 1 0
2 2 1 1 0 2 1 1 0 1 1 0 0 0
0 0 0 0 0 0 0 0 1 0 0 0 0 0
0 0 0 0 0 0 0 0 2 1 1 0 0 0
0 0 0 2 2 0 0 2 2 3 2 2 1 0
4 1 0 5 1 2 2 1 3 12 1 0 3 0
0 0 0 0 0 0 0 0 0 0 0 0 0 0
0 0 0 0 0 0 0 0 0 0 0 0 0 0
0 0 0 0 0 0 0 0 1 0 0 0 0 0
0 0 0 0 0 0 0 1 0 0 0 0 0 0
0 0 0 0 0 0 1 0 0 0 0 0 1 0
0 15 6 30 2 0 0 0 6 0 0 0 0 0
0 0 0 0 0 0 0 0 0 0 0 0 0 0
0 0 1 1 0 0 0 0 0 1 0 0 0 0
0 0 0 0 0 0 2 0 0 1 0 1 0 0
0 0 0 0 1 2 0 11 8 0 1 0 0 0
0 0 0 0 0 0 0 0 3 3 0 2 2 0
0 0 0 0 0 0 0 0 0 0 0 0 0 0
0 1 2 1 2 0 1 0 2 0 1 0 0 0
8 8 7 11 7 14 11 6 10 10 11 2 9 0
0 0 0 0 0 0 0 0 0 0 0 0 0 0
0 0 0 0 54 6 60 10 6 12 80 54 48 0
0 0 0 0 0 0 0 0 0 0 0 0 0 0
0 0 0 0 0 0 0 0 0 0 0 0 0 0
0 0 0 0 1 0 0 1 1 0 0 0 0 0
0 0 0 0 0 0 0 0 0 1 0 0 0 0
0 0 0 0 0 0 0 0 0 0 0 0 0 0
0 0 0 0 0 0 0 0 0 0 1 4 2 0
0 0 0 0 0 0 0 3 27 25 26 48 22 0
1 3 2 2 0 1 0 1 0 1 0 0 0 0
1 1 1 0 2 1 1 0 1 0 1 1 1 0
0 0 0 0 0 0 0 0 0 0 0 0 0 0
10 3 1 2 4 0 0 0 0 6 1 2 3 0
0 0 0 0 0 0 0 0 0 0 0 0 0 0
2 1 0 0 0 0 0 2 1 1 1 1 0 0
0 0 0 0 0 0 0 0 0 0 0 0 0 0
0 0 0 1 0 0 1 1 1 0 1 1 0 0
0 0 0 0 0 0 0 0 0 0 0 40 25 0
0 0 0 0 0 0 0 0 0 0 0 0 0 0
0 0 0 0 0 0 0 0 1 0 0 0 0 0
1 0 0 0 0 3 5 3 0 0 0 0 0 0
3 2 7 1 7 4 9 9 22 12 12 13 11 0
0 0 0 0 0 0 0 0 0 0 0 0 0 0
3 1 2 3 3 3 2 3 2 2 2 3 3 0
1 1 1 1 0 0 0 3 1 1 0 0 1 0
0 0 0 19 10 13 16 18 23 22 6 13 15 0
3 1 0 0 2 2 0 0 0 1 0 1 0 0
0 0 0 0 0 0 0 23 12 27 29 26 12 0
4 6 13 12 8 27 4 9 21 13 1 3 6 0
0 0 0 0 0 0 0 0 0 0 0 0 0 0
0 0 0 0 0 0 0 0 0 0 0 0 0 0
0 0 0 0 4 2 5 4 4 0 2 2 3 0
0 0 0 0 0 1 0 0 0 0 1 2 0 0
0 10 12 7 8 14 17 10 17 13 6 8 4 0
0 0 0 0 0 0 0 0 0 0 0 0 1 0
0 2 2 1 1 1 0 0 0 0 0 0 1 0
0 0 0 0 0 0 0 0 0 0 0 1 0 0
0 0 0 0 0 0 0 0 0 0 0 0 0 0
2 1 3 3 1 0 0 0 1 2 4 0 2 0
0 1 0 5 0 3 0 0 0 0 6 3 7 0
2 10 1 9 10 0 5 5 2 5 3 8 0 0
2 2 2 2 2 0 0 2 2 2 2 2 0 0
0 0 0 0 0 1 0 0 0 1 0 0 0 0
3 6 1 0 3 0 2 4 2 1 2 1 2 0
0 0 0 0 1 0 0 0 1 1 1 0 0 0
0 11 11 17 19 13 3 13 7 7 13 16 8 0
1 6 7 4 0 1 9 11 5 7 3 2 1 0
0 0 0 0 0 0 0 0 1 1 2 2 2 0
6 5 7 4 3 2 0 8 4 7 10 5 0 0
0 0 0 0 0 1 4 3 2 3 2 2 0 0
0 0 0 0 0 0 0 0 0 0 0 0 0 0
3 3 1 2 2 0 0 1 1 0 0 4 0 0
1 1 1 1 1 0 0 1 0 0 0 0 0 0
0 0 0 0 0 0 0 0 1 1 0 0 0 0
0 0 0 0 0 0 0 0 0 0 0 0 0 0
2 3 0 0 0 0 1 1 5 1 1 0 6 0
0 0 0 0 0 0 0 0 0 0 0 0 0 0
3 3 1 2 2 2 3 4 2 3 2 2 3 0
3 8 3 2 0 0 0 0 0 0 2 2 0 0
0 0 0 0 0 0 0 0 0 0 0 0 0 0
0 0 0 0 0 0 0 0 0 0 0 0 0 0
6 5 1 0 0 1 0 4 5 3 3 1 0 0
2 2 2 2 2 2 2 2 2 2 3 2 2 0
0 1 0 1 0 1 6 9 0 0 0 2 2 0
0 0 0 0 0 0 1 0 1 2 0 2 0 0
0 0 0 0 0 0 0 3 2 2 1 1 4 0
4 4 0 5 0 4 3 4 10 5 0 2 2 0
6 4 3 5 4 5 4 5 4 3 4 5 9 0
0 0 0 0 0 0 0 0 2 2 0 1 1 0
11 13 14 15 6 3 5 22 6 10 5 6 11 0
0 0 0 0 0 3 12 3 0 0 0 0 0 0
1 2 2 0 1 3 5 5 1 1 5 2 2 0
0 0 0 0 0 0 0 0 0 0 0 0 0 0
0 0 0 0 0 0 0 0 0 0 0 1 0 0
8 11 13 12 13 15 17 13 19 16 11 11 10 0
0 0 0 0 0 0 0 0 38 48 26 68 46 0
0 4 0 0 1 1 1 3 0 7 1 2 1 0
1 0 0 0 0 0 0 0 0 0 0 2 3 0
9 12 2 5 4 2 4 0 12 4 5 4 2 0
2 3 3 2 3 2 2 2 4 3 2 3 5 0
0 1 0 0 0 0 0 1 0 1 0 0 0 0
0 0 2 0 0 0 4 0 2 13 0 1 1 0
4 5 2 3 7 4 2 4 4 4 6 4 2 0
1 2 3 3 5 1 4 0 1 4 1 0 5 0
2 7 5 1 13 5 1 4 0 1 0 0 4 0
0 0 1 0 0 0 0 0 1 0 0 0 0 0
0 0 0 0 2 0 0 0 0 0 0 0 0 0
0 0 0 0 0 0 0 0 1 0 0 1 0 0
0 0 0 0 0 0 0 0 0 0 0 0 0 0
0 0 0 0 1 1 1 1 1 1 1 0 1 0
0 0 0 0 0 0 0 0 0 0 0 0 0 0
4 5 1 4 0 0 1 1 4 3 1 6 2 0
0 0 0 0 0 2 2 2 2 0 1 0 2 0
0 0 0 0 0 0 0 0 0 0 0 0 2 0
0 0 0 0 5 0 4 0 11 11 0 0 10 0
0 0 0 0 0 0 0 0 0 0 0 0 0 0
4 4 5 5 3 4 3 3 4 5 2 3 3 0
0 0 0 0 0 0 0 1 1 1 2 4 1 0
0 1 0 0 0 0 0 0 0 0 0 0 0 0
6 10 8 24 12 12 4 8 8 8 16 8 6 0
0 0 0 0 0 0 0 0 0 0 0 0 0 0
11 1 17 2 0 19 0 14 11 10 0 12 6 0
0 0 0 0 0 0 0 0 0 0 0 0 0 0
0 0 0 0 0 0 0 0 0 0 0 0 0 0
0 0 0 1 1 2 1 2 1 1 1 0 1 0
0 0 0 0 0 0 0 0 0 0 0 0 0 0
0 0 0 0 0 0 0 0 0 0 0 0 0 0
0 0 0 0 0 1 1 1 1 0 0 1 1 0
1 2 5 2 3 3 2 2 3 3 2 4 3 0
1 0 0 2 0 1 1 1 0 1 0 1 1 0
0 0 0 0 0 0 0 3 4 0 3 0 1 0
0 0 0 0 3 3 0 2 0 2 1 1 1 0
0 0 0 0 0 0 0 0 0 0 0 0 0 0
0 0 0 0 1 1 0 0 1 0 0 0 1 0
3 13 4 3 5 12 1 6 3 3 4 7 4 0
0 0 0 0 10 23 0 3 18 1 1 2 2 0
0 0 0 0 0 0 0 0 2 2 1 3 1 0
0 0 0 0 3 0 0 0 0 3 0 0 0 0
0 0 0 0 1 0 2 0 0 0 2 0 3 0
0 1 0 0 1 0 0 0 1 0 0 0 0 0
0 0 0 0 0 0 0 0 0 0 0 0 0 0
0 0 0 0 0 0 0 0 0 0 0 0 0 0
0 1 1 1 2 1 1 1 2 2 0 1 1 0
0 1 1 3 1 1 3 3 4 3 0 0 1 0
0 0 0 27 9 19 15 22 32 5 7 16 2 0
0 1 0 0 0 0 0 0 0 0 0 0 0 0
0 0 0 0 2 0 1 0 0 1 0 0 1 0
0 0 0 0 0 0 0 0 0 0 0 0 0 0
2 2 3 3 3 4 5 2 3 3 3 3 3 0
3 2 2 2 2 2 2 2 2 2 2 2 1 0
2 2 5 3 3 2 4 3 2 0 3 2 3 0
0 0 0 0 0 0 39 11 11 6 34 6 25 0
1 0 0 0 0 1 0 0 0 0 0 1 0 0
2 0 2 0 0 0 0 2 0 0 0 1 3 0
0 0 0 0 0 0 0 0 0 1 0 0 0 0
0 2 1 1 3 0 0 2 3 1 2 3 0 0
10 8 13 3 8 4 11 4 7 11 4 5 4 0
0 0 0 0 0 0 0 0 0 0 0 0 0 0
0 0 0 0 0 0 0 0 0 1 0 1 0 0
8 3 6 2 2 4 6 4 4 7 5 2 2 0
2 2 3 1 1 0 0 2 1 2 0 0 1 0
0 0 0 0 0 0 0 0 0 0 0 0 0 0
9 6 3 3 2 3 3 2 4 5 6 6 2 0
1 2 2 1 1 2 2 1 0 1 1 0 0 0
0 0 1 3 0 0 0 2 1 1 2 1 0 0
0 0 0 0 0 0 0 0 0 0 0 0 0 0
3 1 3 1 3 4 2 0 2 3 2 3 4 0
0 2 0 0 4 1 4 0 0 2 8 0 2 0
2 3 2 3 1 2 0 2 1 7 2 4 4 0
0 0 0 0 0 0 0 0 1 0 0 0 0 0
0 0 0 0 0 0 0 1 0 0 0 0 0 0
4 3 6 3 3 1 2 3 6 4 3 8 3 0
3 4 3 2 4 2 3 2 3 3 0 0 0 0
0 0 0 0 0 2 0 0 0 0 0 2 2 0
2 2 1 1 2 0 1 1 1 2 1 1 1 0
0 0 0 0 0 0 0 0 0 3 0 1 2 0
0 2 0 0 0 8 0 1 0 1 0 0 13 0
0 0 0 0 0 0 0 0 0 0 0 0 0 0
0 0 0 0 0 0 0 0 0 0 0 0 0 0
0 0 0 0 0 0 0 0 0 0 0 0 0 0
0 0 0 0 0 0 0 0 0 0 0 0 0 0
5 7 10 6 7 2 6 6 5 9 9 0 14 0
0 0 0 0 0 0 0 0 0 1 0 0 0 0
1 1 1 2 0 0 2 0 0 4 0 2 0 0
0 0 0 1 1 2 1 1 1 1 0 0 1 0
0 0 0 0 0 0 0 0 0 0 0 0 0 0
0 0 0 0 0 0 0 0 0 0 0 0 0 0
0 1 2 0 0 0 2 3 1 0 1 3 1 0
0 0 0 1 1 1 0 2 2 1 1 8 0 0
0 0 0 0 0 0 0 0 0 0 0 0 0 0
0 0 0 1 1 0 0 1 0 2 2 2 0 0
0 0 0 0 0 0 0 0 0 0 0 0 0 0
0 1 2 0 2 0 0 0 2 1 3 0 1 0
1 1 0 1 3 0 1 1 1 1 0 0 0 0
0 0 0 0 0 0 0 0 0 2 1 1 0 0
3 3 1 1 3 4 2 3 3 5 3 2 3 0
0 2 2 2 5 7 2 5 1 2 1 2 2 0
0 0 0 1 1 2 1 1 1 1 0 4 2 0
0 0 0 0 0 0 0 0 0 0 0 0 0 0
0 1 2 2 3 3 2 0 0 0 0 0 0 0
13 3 0 0 1 1 7 7 2 1 5 4 2 0
0 0 0 0 0 0 0 0 0 0 0 0 0 0
3 2 4 2 0 6 0 0 0 0 0 0 0 0
0 0 0 0 0 0 0 0 3 0 0 6 4 0
0 0 0 0 0 0 1 0 0 0 0 0 0 0
0 1 1 0 1 0 1 0 0 0 0 1 0 0
0 0 0 0 0 0 0 0 0 0 0 0 0 0
4 3 5 1 10 8 32 16 15 13 18 19 7 0
1 1 3 1 1 1 0 1 1 0 1 0 0 0
3 2 3 5 2 2 3 2 3 3 3 3 3 0
1 1 2 1 2 2 1 1 2 1 1 6 7 0
0 5 0 0 3 6 4 3 4 0 2 2 3 0
1 0 2 3 2 3 2 2 2 3 2 2 2 0
0 0 0 0 0 0 3 1 2 2 1 1 0 0
0 1 1 1 1 0 1 0 1 0 1 0 1 0
0 0 2 0 1 0 0 0 0 0 0 1 0 0
0 0 0 0 4 0 0 0 0 0 0 1 0 0
1 0 2 1 3 1 0 2 1 3 0 2 0 0
0 0 2 2 0 0 1 2 2 0 0 4 6 0
2 4 0 2 2 3 3 1 3 2 2 2 2 0
0 0 0 0 0 0 0 1 0 0 0 0 0 0
0 0 0 0 0 0 0 0 0 0 0 0 0 0
0 0 6 7 3 0 0 0 3 0 0 0 2 0
0 1 1 0 0 0 1 0 0 1 1 1 1 0
0 0 0 0 0 0 0 0 0 0 0 0 2 0
0 0 0 0 0 0 0 0 0 0 0 0 0 0
0 0 0 0 3 2 1 3 2 2 0 1 3 0
0 0 0 0 0 0 0 0 0 0 0 0 0 0
0 0 0 0 0 0 0 0 0 0 0 0 0 0
0 0 0 0 0 0 0 16 0 18 14 50 32 0
0 0 0 15 11 19 17 15 6 20 29 13 18 0
1 1 2 5 3 2 3 2 2 2 2 2 1 0
1 0 1 0 3 1 1 0 0 0 0 0 4 0
0 0 0 0 0 0 0 0 0 0 0 0 0 0
2 2 1 19 15 19 6 19 19 6 21 11 7 0
5 3 5 10 7 11 7 2 5 6 15 5 3 0
0 0 0 0 0 0 0 0 0 0 0 0 0 0
0 0 0 0 0 0 0 0 0 0 0 0 0 0
3 1 1 0 0 0 0 0 1 1 1 1 5 0
1 0 5 0 0 3 0 16 17 6 6 0 10 0
1 15 10 6 5 2 1 7 1 1 0 6 0 0
0 0 0 0 0 0 0 0 0 0 0 0 0 0
0 0 0 0 0 1 1 1 0 0 0 0 0 0
1 4 0 0 1 0 1 0 0 1 4 3 0 0
7 3 3 2 7 4 4 5 8 3 5 3 3 0
10 22 10 12 5 2 5 8 3 6 10 10 5 0
0 2 1 0 1 1 1 4 3 2 2 2 0 0
8 2 8 3 3 2 2 5 6 3 2 4 3 0
0 0 0 0 0 0 0 0 6 27 40 25 35 0
0 1 0 0 0 0 0 0 1 0 0 0 0 0
0 0 0 1 1 0 2 1 3 3 1 7 1 0
0 0 0 0 0 0 3 2 5 10 2 3 0 0
2 2 1 1 0 2 2 0 1 1 1 3 2 0
1 4 3 7 2 18 17 3 0 0 0 0 5 0
1 1 0 0 0 0 0 2 0 1 0 0 3 0
0 1 0 0 1 0 0 0 0 0 0 0 2 0
1 2 0 2 4 1 3 1 2 1 2 1 2 0
0 0 0 0 0 0 0 0 0 0 0 0 0 0
2 2 2 1 2 1 2 2 2 2 1 2 1 0
22 15 7 7 16 5 8 13 2 2 5 3 8 0
0 0 0 1 0 0 0 0 0 1 0 0 0 0
0 0 0 0 0 0 0 0 0 0 0 0 0 0
0 0 0 0 0 0 1 0 0 0 0 0 6 0
0 0 0 0 0 0 0 0 0 0 1 0 1 0
0 0 0 1 0 0 0 2 3 2 1 1 0 0
0 1 1 2 3 1 2 1 1 1 1 1 1 0
6 4 7 6 1 2 6 2 4 3 2 7 8 0
0 0 0 0 0 0 0 0 0 0 0 0 0 0
0 1 0 0 0 2 1 0 3 0 1 0 1 0
0 0 0 0 0 0 0 0 0 0 0 0 0 0
0 0 0 0 0 0 0 0 0 0 0 0 0 0
1 1 1 0 0 0 0 0 0 0 0 0 0 0
0 0 0 0 0 0 0 0 0 0 0 0 0 0
2 2 1 6 2 3 3 5 4 3 3 5 6 0
4 3 2 3 2 3 4 3 3 3 3 2 2 0
1 2 3 3 3 5 2 2 4 2 2 2 2 0
0 0 2 0 1 0 0 0 0 0 0 0 2 0
2 2 3 3 2 3 2 2 2 4 2 3 2 0
3 1 0 1 1 2 0 1 0 0 1 0 3 0
3 1 1 3 2 3 3 3 0 1 1 1 4 0
0 0 0 0 0 0 0 0 0 0 0 0 0 0
0 2 0 0 2 0 0 0 1 0 0 0 1 0
0 0 0 0 1 0 0 0 1 0 0 0 0 0
4 2 2 4 4 4 4 4 6 2 5 5 3 0
0 0 0 0 0 0 0 0 0 2 3 1 3 0
2 2 0 0 1 0 0 0 0 0 0 0 0 0
0 0 1 0 1 0 0 1 0 0 0 0 0 0
0 0 0 0 0 0 0 0 0 0 0 0 0 0
0 0 0 0 0 0 0 2 1 2 0 0 1 0
0 0 0 0 0 0 0 0 0 0 0 0 0 0
0 0 2 1 1 3 0 2 2 0 0 1 0 0
0 0 0 1 2 0 0 0 1 2 0 0 0 0
6 7 4 3 4 4 4 5 2 0 3 4 16 0
2 2 2 4 4 2 2 2 2 2 2 2 2 0
1 2 2 1 3 2 2 1 3 3 2 2 0 0
13 4 1 7 5 4 6 4 5 5 5 5 3 0
0 0 0 0 0 0 0 2 0 0 0 0 0 0
2 3 2 2 2 2 1 2 0 2 2 2 2 0
2 0 0 0 0 0 0 0 0 0 0 0 2 0
0 0 0 0 0 0 0 0 0 0 0 0 0 0
0 0 0 0 0 0 1 0 0 0 0 0 0 0
0 0 0 0 0 0 0 0 0 0 0 0 0 0
1 9 5 5 6 4 4 6 3 5 1 2 2 0
0 0 0 0 0 0 0 1 0 0 0 0 0 0
2 11 7 2 5 7 3 9 14 16 21 15 7 0
12 17 18 14 24 13 22 4 14 20 0 6 10 0
0 0 0 1 1 0 0 0 0 0 0 0 0 0
0 0 0 0 0 0 0 0 0 0 0 0 0 0
0 1 0 0 0 0 0 0 0 0 0 0 0 0
4 2 4 6 3 7 3 2 4 5 5 10 3 0
0 0 1 0 0 0 0 0 0 0 0 0 0 0
4 4 4 3 5 4 4 3 5 5 4 5 4 0
0 0 1 0 3 0 0 0 1 2 0 0 0 0
0 0 0 0 0 0 0 0 3 2 1 3 2 0
0 0 0 0 0 0 0 0 0 0 0 0 0 0
0 5 4 4 2 4 4 7 9 4 5 6 5 0
0 1 2 2 0 0 4 0 4 3 3 1 1 0
0 0 0 0 0 0 0 1 0 0 1 0 0 0
2 0 0 0 2 1 3 0 1 2 0 2 5 0
0 0 0 1 1 1 2 1 1 1 0 0 1 0
2 1 6 2 7 4 6 5 2 3 0 1 4 0
0 1 0 0 0 0 0 0 1 1 0 0 0 0
0 3 1 0 0 12 1 3 8 0 2 0 2 0
0 0 1 1 1 1 1 1 1 1 2 1 1 0
0 0 0 0 0 0 0 0 0 1 2 2 3 0
0 0 0 0 0 0 0 0 0 0 0 4 1 0
0 0 0 0 0 0 0 0 0 0 4 2 2 0
0 0 0 1 2 0 0 2 1 4 2 0 0 0
6 6 7 9 4 9 9 7 9 11 14 11 11 0
0 0 0 0 0 0 0 0 0 0 0 0 0 0
1 0 0 0 0 0 0 0 0 0 0 0 0 0
0 0 0 0 0 1 1 1 1 1 0 1 1 0
0 0 0 0 0 0 0 1 1 0 2 0 2 0
3 4 1 6 4 0 6 0 5 0 5 5 3 0
4 0 2 4 2 2 2 0 8 4 4 2 0 0
0 0 0 0 0 0 0 0 0 0 0 0 0 0
1 1 4 0 0 2 6 6 9 6 5 2 2 0
2 3 2 2 3 2 2 2 4 3 2 2 2 0
1 0 0 1 1 1 1 0 0 0 0 0 0 0
0 1 2 0 0 0 0 0 2 1 0 0 2 0
0 0 1 0 1 1 0 2 2 2 1 1 1 0
3 0 1 1 0 0 0 0 0 0 0 0 0 0
5 3 2 4 10 13 2 0 7 9 9 1 0 0
1 0 0 0 0 0 0 0 0 0 0 0 0 0
3 1 2 0 2 0 1 2 0 3 0 1 1 0
0 0 0 0 0 0 0 0 0 0 0 0 0 0
2 2 0 1 0 0 1 7 1 1 6 0 2 0
0 0 0 0 0 0 0 1 0 0 0 0 0 0
0 1 0 0 0 0 0 0 0 0 0 0 0 0
0 0 0 0 0 0 0 0 0 0 0 0 0 0
0 0 0 0 0 0 0 0 0 0 0 0 0 0
1 2 2 1 2 1 1 1 1 1 2 1 1 0
0 0 0 0 0 0 0 0 2 3 2 2 1 0
0 0 1 1 0 0 0 0 0 0 0 2 0 0
1 2 0 0 1 0 1 1 2 0 0 0 0 0
3 1 4 2 2 0 4 2 6 4 0 1 2 0
0 1 0 2 0 4 2 1 1 0 0 2 0 0
1 1 3 3 0 2 1 2 2 2 2 0 1 0
0 0 0 0 1 1 0 2 1 0 3 0 4 0
0 0 0 0 0 0 0 0 0 0 0 0 0 0
0 0 2 1 3 3 0 2 1 3 2 0 5 0
0 0 0 0 0 0 2 0 0 2 5 1 0 0
5 8 8 1 5 3 4 6 6 4 4 3 4 0
0 0 0 0 1 1 5 1 2 0 3 0 3 0
17 1 5 0 23 12 17 25 20 10 9 12 8 0
2 2 2 0 1 1 2 2 2 3 2 2 2 0
0 1 1 0 1 1 2 3 3 2 5 5 0 0
2 1 2 2 2 2 2 2 2 1 2 0 2 0
0 0 0 0 0 0 0 1 0 0 0 0 0 0
0 2 0 4 1 0 0 2 0 2 0 1 4 0
0 0 1 0 0 0 0 0 0 0 0 0 0 0
2 1 1 0 0 0 1 2 1 1 0 0 0 0
0 0 0 0 0 1 1 1 1 1 1 0 1 0
0 0 0 0 0 0 0 0 0 0 3 0 3 0
1 1 2 4 1 1 3 3 1 2 2 2 0 0
0 2 0 0 0 0 0 0 0 0 0 0 0 0
0 0 0 0 0 0 0 0 0 0 0 0 0 0
6 4 12 6 6 5 1 1 15 4 6 8 22 0
0 0 1 0 0 0 0 0 1 0 0 1 2 0
0 0 0 0 0 0 0 0 0 0 0 0 0 0
0 0 0 0 0 2 2 1 1 3 1 0 1 0
0 0 0 0 0 0 0 0 0 0 0 0 0 0
0 1 0 1 1 1 0 0 2 1 1 0 1 0
0 0 0 0 0 0 0 0 0 0 0 1 2 0
0 0 0 0 0 0 0 0 0 0 0 0 0 0
0 0 0 0 0 0 0 0 0 0 0 0 0 0
0 0 0 0 0 0 0 0 0 0 0 0 0 0
4 8 5 3 5 4 4 5 5 5 3 5 4 0
2 0 0 1 1 0 6 6 7 9 6 2 4 0
2 3 0 2 0 0 0 0 0 1 0 0 0 0
0 1 1 1 0 0 0 0 1 0 1 1 2 0
0 0 0 0 0 0 0 0 0 0 0 0 0 0
3 0 0 0 2 1 0 0 0 0 0 0 0 0
0 0 5 0 1 3 6 2 2 3 3 2 2 0
2 0 2 3 2 2 4 1 2 3 2 2 2 0
0 1 3 0 1 0 0 1 0 0 2 0 0 0
2 1 1 2 1 3 4 4 0 1 4 2 0 0
0 0 0 0 0 0 0 0 0 0 0 0 0 0
1 2 1 0 1 0 1 0 1 1 1 2 0 0
0 1 0 0 0 2 0 1 4 0 0 0 1 0
1 0 1 0 0 0 0 0 1 0 0 1 0 0
0 0 0 0 0 0 0 0 0 0 0 0 0 0
2 4 3 2 3 2 2 2 3 2 2 2 2 0
0 5 1 0 0 2 0 0 1 1 0 0 0 0
2 4 2 2 0 4 0 6 0 4 0 0 0 0
0 0 0 0 0 0 0 0 0 0 0 0 0 0
2 2 1 1 2 1 1 1 3 5 1 2 2 0
0 0 0 0 0 0 0 0 0 0 0 0 0 0
0 0 0 0 0 0 0 0 0 0 3 0 0 0
0 1 0 0 0 0 1 0 2 0 0 0 1 0
2 2 2 2 2 2 3 2 2 2 2 2 2 0
0 0 0 0 0 0 0 0 0 0 0 0 0 0
2 3 2 2 3 2 2 2 3 3 2 2 3 0
0 0 0 0 0 0 0 0 0 0 0 0 0 0
0 0 0 0 0 0 0 0 0 0 0 0 0 0
0 0 0 3 3 6 5 5 3 4 2 3 1 0
0 0 1 0 0 0 0 3 0 0 2 0 0 0
0 0 0 0 0 1 1 1 1 0 1 1 1 0
3 10 2 4 0 0 0 0 6 6 9 2 0 0
0 0 0 0 0 11 13 18 23 22 27 19 20 0
0 0 0 0 0 1 1 1 1 0 0 1 1 0
0 0 0 0 0 0 0 0 0 0 0 2 2 0
3 0 0 0 0 0 0 0 0 0 0 0 0 0
0 0 0 1 1 1 0 1 1 1 1 1 1 0
0 1 1 0 0 0 1 0 1 0 0 0 1 0
0 0 0 0 0 0 0 0 0 0 2 0 2 0
1 1 0 0 1 0 0 0 2 0 0 0 0 0
1 0 0 0 2 5 2 1 2 2 0 2 0 0
1 2 0 2 0 1 2 0 0 2 2 0 1 0
0 0 0 0 0 1 1 1 1 1 1 1 1 0
1 0 8 0 8 0 0 1 1 1 0 2 3 0
0 0 0 0 0 1 1 1 1 0 1 1 1 0
1 0 2 1 1 2 2 1 0 3 2 1 7 0
0 0 1 1 1 1 1 1 1 0 1 0 1 0
0 0 1 1 1 1 1 1 1 1 1 0 1 0
6 1 0 2 2 0 1 3 2 5 1 7 1 0
0 0 0 0 0 1 1 1 1 1 0 0 1 0
0 0 1 1 1 2 1 1 1 0 1 1 1 0
4 3 0 4 0 0 3 0 2 3 0 3 2 0
0 0 1 1 1 1 1 1 1 1 1 0 1 0
15 14 25 6 5 3 3 7 7 8 14 16 1 0
0 0 5 0 3 14 2 10 2 0 6 0 1 0
0 0 0 0 0 0 0 0 0 0 0 0 0 0
0 0 0 1 0 0 0 0 0 0 0 0 0 0
0 0 2 0 0 0 0 0 0 0 0 0 0 0
0 0 0 0 0 1 1 2 1 1 0 1 1 0
4 7 0 0 1 0 0 1 0 0 0 0 0 0
1 4 4 0 1 2 2 4 2 4 2 5 6 0
0 0 0 0 0 0 1 0 0 0 1 0 6 0
2 1 1 1 1 2 1 2 1 1 1 2 1 0
0 2 1 3 0 1 0 0 2 3 1 1 19 0
0 0 0 0 0 0 2 1 1 1 0 0 1 0
0 0 0 0 0 0 0 0 0 0 1 0 0 0
12 2 0 2 2 1 1 0 2 3 0 1 2 0
0 0 1 1 1 1 1 1 1 0 0 1 1 0
0 5 0 2 0 8 10 10 0 5 8 4 3 0
2 2 1 2 2 4 2 5 3 3 2 2 2 0
1 1 2 1 0 0 0 2 1 0 1 1 1 0
0 1 0 0 7 0 2 13 0 0 0 0 0 0
1 2 0 0 0 0 0 0 0 0 0 0 0 0
0 3 1 2 9 1 3 13 11 2 16 8 6 0
0 2 1 1 1 1 1 0 0 0 1 1 1 0
0 0 0 0 0 0 0 0 0 0 0 0 0 0
2 7 2 6 3 2 2 1 1 0 0 0 2 0
0 0 0 0 0 0 0 0 0 0 0 0 0 0
0 0 0 0 0 0 0 0 0 0 1 1 1 0
0 0 1 0 0 0 1 0 0 0 0 0 0 0
0 0 0 0 0 0 1 0 0 1 0 0 0 0
0 0 2 0 1 0 1 0 2 0 2 0 0 0
0 0 0 1 2 0 0 0 1 0 3 3 4 0
2 1 1 2 2 2 1 1 1 4 2 2 2 0
0 0 0 1 2 1 0 1 1 1 1 1 1 0
0 0 0 0 0 0 1 1 1 1 0 0 0 0
1 1 3 1 1 3 1 1 0 2 1 1 2 0
0 0 0 0 0 0 0 0 0 0 0 0 1 0
2 2 2 3 1 3 1 2 1 1 4 1 1 0
0 0 1 1 1 1 1 1 1 1 1 1 1 0
0 0 0 0 1 1 1 2 1 0 0 0 0 0
2 2 3 3 3 3 3 3 3 3 3 1 5 0
0 0 0 0 0 0 0 0 0 0 0 0 2 0
0 0 0 0 0 0 0 0 4 1 2 1 0 0
12 10 8 10 1 9 9 10 1 7 0 7 5 0
0 5 1 0 1 2 2 4 0 0 0 0 0 0
1 1 1 5 6 0 1 3 2 3 2 3 2 0
0 0 0 17 9 1 6 22 15 14 9 3 1 0
0 0 0 0 0 1 1 0 0 0 0 0 0 0
1 5 4 0 2 2 3 1 2 1 2 1 0 0
0 0 4 2 6 4 2 0 2 2 1 1 4 0
0 0 0 0 1 0 0 0 0 0 0 0 0 0
0 0 0 0 0 0 0 0 0 0 0 0 8 0
0 0 0 0 0 0 1 2 1 0 1 1 2 0
8 3 3 0 0 8 6 1 3 2 2 1 1 0
1 2 0 1 2 0 1 0 18 0 0 1 1 0
0 0 0 0 0 0 0 0 0 0 0 0 0 0
0 4 0 2 2 5 4 6 4 1 2 2 9 0
0 0 1 3 1 1 0 0 0 0 0 0 0 0
1 0 3 0 3 1 4 0 0 3 0 5 1 0
2 1 2 1 1 2 0 1 2 2 0 3 5 0
0 2 0 0 0 0 2 0 0 1 4 1 2 0
4 3 3 1 1 9 3 6 1 6 5 4 5 0
4 4 2 0 2 1 2 1 2 1 0 4 2 0
0 0 0 0 0 0 1 0 0 0 1 0 0 0
0 1 3 0 1 0 0 1 0 1 3 0 0 0
0 0 0 0 0 0 0 0 0 0 0 0 0 0
1 0 1 0 1 0 0 0 1 0 0 1 0 0
3 3 0 3 1 2 2 1 0 0 1 0 0 0
7 4 2 2 1 3 6 0 2 5 4 3 1 0
1 0 1 1 1 1 8 8 3 1 1 4 4 0
2 3 3 0 2 0 0 1 1 1 1 0 0 0
0 0 4 2 2 5 6 2 2 3 0 4 4 0
1 0 0 0 0 0 0 0 0 0 0 0 0 0
3 6 4 7 5 0 0 2 1 0 0 0 1 0
0 1 0 0 0 1 0 2 0 0 1 1 0 0
0 0 0 0 1 0 0 1 1 0 0 0 0 0
0 0 0 0 0 0 0 0 1 0 1 1 0 0
1 0 3 7 0 0 0 0 0 0 3 0 0 0
1 3 1 2 3 2 3 3 3 5 2 2 3 0
1 2 2 2 2 3 1 0 1 0 1 2 1 0
3 9 3 5 3 4 2 4 1 1 3 6 5 0
0 0 0 0 0 0 0 0 0 0 1 0 0 0
1 0 0 0 0 0 0 0 0 0 3 0 0 0
0 0 0 1 0 0 2 0 0 0 1 0 1 0
0 1 0 0 0 0 0 0 0 0 0 0 1 0
0 1 0 0 0 0 0 0 0 0 0 0 0 0
0 0 0 0 0 0 0 0 0 0 0 0 0 0
0 0 0 0 0 2 0 1 2 0 1 3 0 0
5 1 2 1 6 3 2 9 4 4 3 8 2 0
0 0 0 1 2 0 1 1 0 0 0 0 2 0
0 3 2 3 0 0 0 3 1 2 2 2 0 0
4 2 0 5 1 0 0 4 0 3 0 1 2 0
3 1 0 1 0 0 0 0 0 2 2 1 1 0
2 4 6 3 3 4 4 0 0 0 3 5 27 0
3 2 4 2 1 3 5 6 3 9 0 4 2 0
1 0 0 0 0 0 0 0 1 0 1 0 0 0
0 0 1 0 1 1 1 0 1 0 1 0 1 0
2 3 0 3 6 6 7 6 8 4 1 3 2 0
0 4 0 0 9 0 2 2 0 0 6 5 3 0
0 3 5 6 1 2 0 3 2 0 2 1 6 0
2 0 2 5 0 0 4 4 0 5 5 9 1 0
0 4 0 0 0 0 0 0 3 0 2 0 0 0
1 0 0 0 0 0 0 1 1 0 1 1 0 0
1 0 0 0 1 1 2 1 1 1 0 0 0 0
0 0 0 0 0 0 0 0 0 0 0 0 0 0
0 0 0 0 0 0 0 0 0 0 1 0 0 0
0 0 0 0 0 0 2 0 0 0 0 0 0 0
1 0 0 0 0 0 0 0 0 0 0 0 0 0
0 2 0 0 0 0 1 0 2 1 1 1 1 0
0 1 1 0 0 0 0 0 0 2 0 0 1 0
0 3 0 2 1 2 6 0 0 2 0 3 0 0
0 0 0 0 0 0 0 0 0 0 0 0 0 0
0 0 0 0 0 0 0 0 0 0 1 0 0 0
4 2 2 3 0 1 6 4 1 2 4 2 2 0
1 0 1 0 1 0 0 0 0 0 0 0 0 0
0 0 0 0 0 0 0 0 0 0 0 0 5 0
3 7 3 1 3 2 2 1 2 1 3 3 3 0
4 7 5 5 4 3 3 5 5 4 6 5 2 0
0 0 1 0 0 0 0 0 0 1 0 0 0 0
0 0 0 2 1 0 1 1 0 0 1 0 1 0
1 0 0 2 0 1 3 2 0 0 1 3 0 0
0 0 0 9 15 21 12 35 1 2 26 21 18 0
8 8 6 21 16 2 11 15 18 13 8 18 11 0
0 0 0 2 0 1 0 1 1 1 0 1 0 0
0 0 0 0 0 0 0 0 0 0 0 0 32 0
0 1 0 2 1 2 0 1 1 3 1 0 3 0
19 6 16 4 16 1 12 6 11 2 17 10 13 0
0 3 2 13 3 8 0 6 2 0 0 1 10 0
0 0 4 2 9 4 1 1 0 4 0 2 0 0
0 0 0 0 0 0 0 0 0 0 0 0 0 0
0 0 0 0 0 0 0 29 11 25 40 15 33 0
1 6 6 3 3 2 2 0 1 12 6 7 2 0
0 0 0 0 0 0 0 0 0 0 0 0 0 0
1 3 0 3 2 2 1 1 1 2 0 5 1 0
0 1 3 1 0 1 0 0 0 1 0 1 5 0
3 3 1 2 5 2 7 0 0 4 1 2 2 0
1 3 1 6 0 1 1 0 12 1 2 0 0 0
0 2 0 2 2 0 0 0 0 0 2 0 0 0
4 1 0 3 3 3 7 3 1 6 3 2 3 0
1 0 0 0 0 1 1 0 0 1 0 0 2 0
2 1 6 5 4 3 4 4 6 14 11 9 9 0
14 7 0 10 5 1 2 0 17 1 13 2 10 0
0 0 0 0 0 0 0 0 0 0 19 61 42 0
0 0 0 0 0 0 0 0 0 0 0 0 0 0
2 2 8 4 5 10 5 12 6 11 5 5 7 0
0 2 1 1 2 0 0 2 1 1 1 1 0 0
0 0 0 0 0 0 1 0 0 0 0 0 0 0
0 0 2 10 6 16 12 26 2 12 35 28 12 0
1 0 2 1 0 0 0 0 2 0 0 3 1 0
6 8 6 6 3 8 8 9 7 9 7 6 7 0
14 15 10 14 0 1 0 12 12 5 7 0 0 0
1 0 1 0 1 0 2 0 1 0 1 0 0 0
0 0 0 0 2 0 1 1 1 1 0 0 1 0
1 1 0 1 1 0 3 5 6 2 1 0 2 0
0 0 0 0 0 0 0 0 25 12 26 41 56 0
0 1 1 2 1 0 5 0 1 1 11 1 4 0
1 1 2 1 2 16 4 1 8 19 7 2 9 0
2 7 3 6 10 6 4 3 8 6 6 6 4 0
2 5 2 0 3 1 0 0 1 2 0 1 0 0
2 9 7 8 1 1 1 2 4 5 6 3 5 0
0 0 0 0 0 0 0 0 0 0 0 0 0 0
0 0 1 0 2 1 0 0 4 0 1 3 2 0
0 0 0 0 0 0 2 3 3 1 2 1 0 0
3 2 6 5 5 4 6 4 1 5 4 6 0 0
0 0 0 0 0 0 0 14 25 34 20 11 41 0
0 4 2 0 1 0 0 0 0 1 0 1 3 0
0 0 0 0 0 0 0 0 0 0 0 0 0 0
0 2 0 0 0 0 0 0 0 0 0 1 0 0
0 8 11 1 7 2 5 8 5 3 6 4 4 0
0 0 0 0 0 0 0 0 0 0 0 0 0 0
1 11 4 10 13 8 3 8 11 10 14 11 8 0
0 0 0 0 0 0 0 0 0 0 0 20 1 0
2 2 1 2 0 2 0 1 1 0 0 1 0 0
0 0 1 0 1 0 0 1 0 0 1 0 0 0
9 2 11 11 9 11 0 10 11 9 11 11 9 0
0 0 0 0 0 0 0 14 33 60 26 7 3 0
0 0 0 0 0 0 0 0 0 0 0 0 0 0
0 1 0 0 3 1 0 1 0 0 0 0 1 0
1 1 1 0 1 5 5 6 2 0 7 1 1 0
0 4 0 0 2 0 0 0 0 0 0 0 0 0
5 11 4 3 5 4 16 10 4 5 4 16 14 0
0 0 0 0 0 0 0 0 0 0 0 0 16 0
5 2 4 2 7 4 1 3 3 8 5 3 2 0
1 10 70 5 6 4 3 6 4 1 21 3 1 0
3 2 7 1 6 2 1 3 3 2 7 5 2 0
1 0 1 0 0 0 1 0 1 0 0 0 0 0
0 0 3 0 0 3 3 4 7 2 3 8 8 0
5 10 4 10 11 7 14 8 7 7 5 11 11 0
0 0 2 0 0 1 0 1 0 0 1 0 1 0
3 2 0 2 3 1 1 2 2 1 2 0 2 0
6 11 4 6 6 5 3 6 11 15 10 18 20 0
3 0 2 1 6 0 1 1 1 1 1 2 2 0
1 4 3 13 10 0 11 10 5 0 2 0 0 0
2 1 1 0 0 0 0 0 1 2 1 1 0 0
0 0 0 1 0 0 0 0 0 1 0 0 0 0
5 7 13 9 6 6 8 4 8 5 3 6 6 0
0 1 0 0 2 0 0 0 1 0 0 1 0 0
2 3 4 6 4 0 6 5 2 3 0 5 2 0
0 0 0 0 0 0 0 0 0 0 20 33 59 0
0 0 1 0 0 0 1 2 0 1 0 1 1 0
0 2 1 0 3 2 0 0 2 2 4 3 3 0
3 1 1 3 3 2 0 1 1 1 2 0 3 0
0 5 1 1 5 1 3 2 4 5 1 7 1 0
0 1 2 1 0 0 1 3 0 2 0 0 2 0
0 0 0 8 5 10 12 19 16 21 24 8 11 0
0 0 0 0 0 0 16 12 21 20 27 52 24 0
0 0 3 1 3 2 4 1 1 1 1 1 1 0
0 1 0 0 0 0 0 4 3 0 1 0 0 0
0 1 2 2 0 3 0 0 2 0 0 0 0 0
0 1 1 1 1 0 1 2 1 1 0 0 1 0
0 0 0 3 3 0 0 1 0 0 0 1 0 0
6 4 19 11 8 0 13 5 10 7 4 4 11 0
0 0 0 0 0 0 0 0 0 0 0 0 0 0
0 0 0 0 0 2 0 2 0 1 2 1 3 0
0 1 1 4 9 4 5 1 6 2 2 3 2 0
0 0 2 0 0 0 0 1 4 0 1 4 8 0
0 0 0 0 0 0 0 0 0 0 0 1 0 0
10 25 18 0 3 5 17 1 0 0 0 0 0 0
1 2 1 2 1 0 0 0 0 1 0 0 0 0
0 0 0 1 4 1 0 0 0 0 0 0 0 0
14 4 4 10 30 0 2 14 0 8 2 6 4 0
0 0 0 0 0 0 0 0 0 0 0 0 0 0
0 0 0 0 0 0 0 0 0 0 0 0 0 0
0 4 1 3 1 5 3 10 3 2 5 2 4 0
6 2 0 2 2 0 6 4 2 1 0 1 0 0
6 4 3 10 6 6 2 4 4 3 10 0 8 0
5 13 6 2 9 2 9 3 7 3 7 10 2 0
4 7 0 1 9 11 7 4 1 0 1 3 2 0
2 1 2 1 1 1 1 0 0 1 2 3 1 0
1 0 1 0 0 0 0 0 0 0 0 1 0 0
22 11 4 5 13 16 13 14 12 11 9 8 12 0
0 0 0 1 5 2 2 1 3 8 7 8 0 0
2 4 1 1 4 2 0 3 2 1 1 4 0 0
0 0 0 0 0 0 0 0 15 7 24 18 38 0
4 7 7 2 3 7 13 2 2 15 8 4 10 0
2 3 1 0 1 0 0 0 0 1 1 0 0 0
0 0 0 0 0 0 0 0 0 0 0 0 0 0
0 0 0 0 0 0 0 0 0 0 0 0 0 0
0 0 0 0 0 0 0 0 0 0 0 0 0 0
0 0 0 0 0 0 0 0 0 0 0 0 0 0
0 0 0 0 0 0 0 0 0 0 0 0 0 0
0 0 0 0 0 0 0 0 0 0 0 0 0 0
0 0 0 0 0 0 0 0 0 0 0 0 0 0
0 0 0 0 0 0 0 0 0 0 0 0 0 0
0 0 0 0 0 0 0 0 0 0 0 0 0 0
0 0 0 0 0 0 0 0 0 0 0 0 0 0
0 0 0 0 0 0 0 0 0 0 0 0 0 0
0 0 0 0 0 0 0 0 0 0 0 0 0 0
0 0 0 0 0 0 0 0 0 0 0 0 0 0
0 0 0 0 0 0 0 0 0 0 0 0 0 0
0 0 0 0 0 0 0 0 0 0 0 0 0 0
0 0 0 0 0 0 0 0 0 0 0 0 0 0
0 0 0 0 0 0 0 0 0 0 0 0 0 0
0 0 0 0 0 0 0 0 0 0 0 0 0 0
0 0 0 0 0 0 0 0 0 0 0 0 0 0
0 0 0 0 0 0 0 0 0 0 0 0 0 0
0 0 0 0 0 0 0 0 0 0 0 0 0 0
0 0 0 0 0 0 0 0 0 0 0 0 0 0
0 0 0 0 0 0 0 0 0 0 0 0 0 0
0 0 0 0 0 0 0 0 0 0 0 0 0 0
0 0 0 0 0 0 0 0 0 0 0 0 0 0
0 0 0 0 0 0 0 0 0 0 0 0 0 0
0 0 0 0 0 0 0 0 0 0 0 0 0 0
0 0 0 0 0 0 0 0 0 0 0 0 0 0
0 0 0 0 0 0 0 0 0 0 0 0 0 0
0 0 0 0 0 0 0 0 0 0 0 0 0 0
0 0 0 0 0 0 0 0 0 0 0 0 0 0
0 0 0 0 0 0 0 0 0 0 0 0 0 0
0 0 0 0 0 0 0 0 0 0 0 0 0 0
0 0 0 0 0 0 0 0 0 0 0 0 0 0
0 0 0 0 0 0 0 0 0 0 0 0 0 0
0 0 0 0 0 0 0 0 0 0 0 0 0 0
0 0 0 0 0 0 0 0 0 0 0 0 0 0
0 0 0 0 0 0 0 0 0 0 0 0 0 0
0 0 0 0 0 0 0 0 0 0 0 0 0 0
0 0 0 0 0 0 0 0 0 0 0 0 0 0
0 0 0 0 0 0 0 0 0 0 0 0 0 0
0 0 0 0 0 0 0 0 0 0 0 0 0 0
0 0 0 0 0 0 0 0 0 0 0 0 0 0
0 0 0 0 0 0 0 0 0 0 0 0 0 0
0 0 0 0 0 0 0 0 0 0 0 0 0 0
0 0 0 0 0 0 0 0 0 0 0 0 0 0
0 0 0 0 0 0 0 0 0 0 0 0 0 0
0 0 0 0 0 0 0 0 0 0 0 0 0 0
0 0 0 0 0 0 0 0 0 0 0 0 0 0
0 0 0 0 0 0 0 0 0 0 0 0 0 0
0 0 0 0 0 0 0 0 0 0 0 0 0 0
0 0 0 0 0 0 0 0 0 0 0 0 0 0
0 0 0 0 0 0 0 0 0 0 0 0 0 0
0 0 0 0 0 0 0 0 0 0 0 0 0 0
0 0 0 0 0 0 0 0 0 0 0 0 0 0
0 0 0 0 0 0 0 0 0 0 0 0 0 0
0 0 0 0 0 0 0 0 0 0 0 0 0 0
0 0 0 0 0 0 0 0 0 0 0 0 0 0
0 0 0 0 0 0 0 0 0 0 0 0 0 0
0 0 0 0 0 0 0 0 0 0 0 0 0 0
0 0 0 0 0 0 0 0 0 0 0 0 0 0
0 0 0 0 0 0 0 0 0 0 0 0 0 0
0 0 0 0 0 0 0 0 0 0 0 0 0 0
0 0 0 0 0 0 0 0 0 0 0 0 0 0
0 0 0 0 0 0 0 0 0 0 0 0 0 0
0 0 0 0 0 0 0 0 0 0 0 0 0 0
0 0 0 0 0 0 0 0 0 0 0 0 0 0
0 0 0 0 0 0 0 0 0 0 0 0 0 0
0 0 0 0 0 0 0 0 0 0 0 0 0 0
0 0 0 0 0 0 0 0 0 0 0 0 0 0
0 0 0 0 0 0 0 0 0 0 0 0 0 0
0 0 0 0 0 0 0 0 0 0 0 0 0 0
0 0 0 0 0 0 0 0 0 0 0 0 0 0
0 0 0 0 0 0 0 0 0 0 0 0 0 0
0 0 0 0 0 0 0 0 0 0 0 0 0 0
0 0 0 0 0 0 0 0 0 0 0 0 0 0
0 0 0 0 0 0 0 0 0 0 0 0 0 0
0 0 0 0 0 0 0 0 0 0 0 0 0 0
0 0 0 0 0 0 0 0 0 0 0 0 0 0
0 0 0 0 0 0 0 0 0 0 0 0 0 0
0 0 0 0 0 0 0 0 0 0 0 0 0 0
0 0 0 0 0 0 0 0 0 0 0 0 0 0
0 0 0 0 0 0 0 0 0 0 0 0 0 0
0 0 0 0 0 0 0 0 0 0 0 0 0 0
0 0 0 0 0 0 0 0 0 0 0 0 0 0
0 0 0 0 0 0 0 0 0 0 0 0 0 0
0 0 0 0 0 0 0 0 0 0 0 0 0 0
0 0 0 0 0 0 0 0 0 0 0 0 0 0
0 0 0 0 0 0 0 0 0 0 0 0 0 0
0 0 0 0 0 0 0 0 0 0 0 0 0 0
0 0 0 0 0 0 0 0 0 0 0 0 0 0
0 0 0 0 0 0 0 0 0 0 0 0 0 0
0 0 0 0 0 0 0 0 0 0 0 0 0 0
0 0 0 0 0 0 0 0 0 0 0 0 0 0
0 0 0 0 0 0 0 0 0 0 0 0 0 0
0 0 0 0 0 0 0 0 0 0 0 0 0 0
0 0 0 0 0 0 0 0 0 0 0 0 0 0
0 0 0 0 0 0 0 0 0 0 0 0 0 0
0 0 0 0 0 0 0 0 0 0 0 0 0 0
0 0 0 0 0 0 0 0 0 0 0 0 0 0
0 0 0 0 0 0 0 0 0 0 0 0 0 0
0 0 0 0 0 0 0 0 0 0 0 0 0 0
0 0 0 0 0 0 0 0 0 0 0 0 0 0
0 0 0 0 0 0 0 0 0 0 0 0 0 0
0 0 0 0 0 0 0 0 0 0 0 0 0 0
0 0 0 0 0 0 0 0 0 0 0 0 0 0
0 0 0 0 0 0 0 0 0 0 0 0 0 0
0 0 0 0 0 0 0 0 0 0 0 0 0 0
0 0 0 0 0 0 0 0 0 0 0 0 0 0
0 0 0 0 0 0 0 0 0 0 0 0 0 0
0 0 0 0 0 0 0 0 0 0 0 0 0 0
0 0 0 0 0 0 0 0 0 0 0 0 0 0
0 0 0 0 0 0 0 0 0 0 0 0 0 0
0 0 0 0 0 0 0 0 0 0 0 0 0 0
0 0 0 0 0 0 0 0 0 0 0 0 0 0
0 0 0 0 0 0 0 0 0 0 0 0 0 0
0 0 0 0 0 0 0 0 0 0 0 0 0 0
0 0 0 0 0 0 0 0 0 0 0 0 0 0
0 0 0 0 0 0 0 0 0 0 0 0 0 0
0 0 0 0 0 0 0 0 0 0 0 0 0 0
0 0 0 0 0 0 0 0 0 0 0 0 0 0
0 0 0 0 0 0 0 0 0 0 0 0 0 0
0 0 0 0 0 0 0 0 0 0 0 0 0 0
0 0 0 0 0 0 0 0 0 0 0 0 0 0
0 0 0 0 0 0 0 0 0 0 0 0 0 0
0 0 0 0 0 0 0 0 0 0 0 0 0 0
0 0 0 0 0 0 0 0 0 0 0 0 0 0
0 0 0 0 0 0 0 0 0 0 0 0 0 0
0 0 0 0 0 0 0 0 0 0 0 0 0 0
0 0 0 0 0 0 0 0 0 0 0 0 0 0
0 0 0 0 0 0 0 0 0 0 0 0 0 0
0 0 0 0 0 0 0 0 0 0 0 0 0 0
0 0 0 0 0 0 0 0 0 0 0 0 0 0
0 0 0 0 0 0 0 0 0 0 0 0 0 0
0 0 0 0 0 0 0 0 0 0 0 0 0 0
0 0 0 0 0 0 0 0 0 0 0 0 0 0
0 0 0 0 0 0 0 0 0 0 0 0 0 0
0 0 0 0 0 0 0 0 0 0 0 0 0 0
0 0 0 0 0 0 0 0 0 0 0 0 0 0
0 0 0 0 0 0 0 0 0 0 0 0 0 0
0 0 0 0 0 0 0 0 0 0 0 0 0 0
0 0 0 0 0 0 0 0 0 0 0 0 0 0
0 0 0 0 0 0 0 0 0 0 0 0 0 0
0 0 0 0 0 0 0 0 0 0 0 0 0 0
0 0 0 0 0 0 0 0 0 0 0 0 0 0
0 0 0 0 0 0 0 0 0 0 0 0 0 0
0 0 0 0 0 0 0 0 0 0 0 0 0 0
0 0 0 0 0 0 0 0 0 0 0 0 0 0
0 0 0 0 0 0 0 0 0 0 0 0 0 0
0 0 0 0 0 0 0 0 0 0 0 0 0 0
0 0 0 0 0 0 0 0 0 0 0 0 0 0
0 0 0 0 0 0 0 0 0 0 0 0 0 0
0 0 0 0 0 0 0 0 0 0 0 0 0 0
0 0 0 0 0 0 0 0 0 0 0 0 0 0
0 0 0 0 0 0 0 0 0 0 0 0 0 0
0 0 0 0 0 0 0 0 0 0 0 0 0 0
0 0 0 0 0 0 0 0 0 0 0 0 0 0
0 0 0 0 0 0 0 0 0 0 0 0 0 0
0 0 0 0 0 0 0 0 0 0 0 0 0 0
0 0 0 0 0 0 0 0 0 0 0 0 0 0
0 0 0 0 0 0 0 0 0 0 0 0 0 0
0 0 0 0 0 0 0 0 0 0 0 0 0 0
0 0 0 0 0 0 0 0 0 0 0 0 0 0
0 0 0 0 0 0 0 0 0 0 0 0 0 0
0 0 0 0 0 0 0 0 0 0 0 0 0 0
0 0 0 0 0 0 0 0 0 0 0 0 0 0
0 0 0 0 0 0 0 0 0 0 0 0 0 0
0 0 0 0 0 0 0 0 0 0 0 0 0 0
0 0 0 0 0 0 0 0 0 0 0 0 0 0
0 0 0 0 0 0 0 0 0 0 0 0 0 0
0 0 0 0 0 0 0 0 0 0 0 0 0 0
0 0 0 0 0 0 0 0 0 0 0 0 0 0
0 0 0 0 0 0 0 0 0 0 0 0 0 0
0 0 0 0 0 0 0 0 0 0 0 0 0 0
0 0 0 0 0 0 0 0 0 0 0 0 0 0
0 0 0 0 0 0 0 0 0 0 0 0 0 0
0 0 0 0 0 0 0 0 0 0 0 0 0 0
0 0 0 0 0 0 0 0 0 0 0 0 0 0
0 0 0 0 0 0 0 0 0 0 0 0 0 0
0 0 0 0 0 0 0 0 0 0 0 0 0 0
0 0 0 0 0 0 0 0 0 0 0 0 0 0
0 0 0 0 0 0 0 0 0 0 0 0 0 0
0 0 0 0 0 0 0 0 0 0 0 0 0 0
0 0 0 0 0 0 0 0 0 0 0 0 0 0
0 0 0 0 0 0 0 0 0 0 0 0 0 0
0 0 0 0 0 0 0 0 0 0 0 0 0 0
0 0 0 0 0 0 0 0 0 0 0 0 0 0
0 0 0 0 0 0 0 0 0 0 0 0 0 0
0 0 0 0 0 0 0 0 0 0 0 0 0 0
0 0 0 0 0 0 0 0 0 0 0 0 0 0
0 0 0 0 0 0 0 0 0 0 0 0 0 0
0 0 0 0 0 0 0 0 0 0 0 0 0 0
0 0 0 0 0 0 0 0 0 0 0 0 0 0
0 0 0 0 0 0 0 0 0 0 0 0 0 0
0 0 0 0 0 0 0 0 0 0 0 0 0 0
0 0 0 0 0 0 0 0 0 0 0 0 0 0
0 0 0 0 0 0 0 0 0 0 0 0 0 0
0 0 0 0 0 0 0 0 0 0 0 0 0 0
0 0 0 0 0 0 0 0 0 0 0 0 0 0
0 0 0 0 0 0 0 0 0 0 0 0 0 0
0 0 0 0 0 0 0 0 0 0 0 0 0 0
0 0 0 0 0 0 0 0 0 0 0 0 0 0
0 0 0 0 0 0 0 0 0 0 0 0 0 0
0 0 0 0 0 0 0 0 0 0 0 0 0 0
0 0 0 0 0 0 0 0 0 0 0 0 0 0
0 0 0 0 0 0 0 0 0 0 0 0 0 0
0 0 0 0 0 0 0 0 0 0 0 0 0 0
0 0 0 0 0 0 0 0 0 0 0 0 0 0
0 0 0 0 0 0 0 0 0 0 0 0 0 0
0 0 0 0 0 0 0 0 0 0 0 0 0 0
0 0 0 0 0 0 0 0 0 0 0 0 0 0
0 0 0 0 0 0 0 0 0 0 0 0 0 0
0 0 0 0 0 0 0 0 0 0 0 0 0 0
0 0 0 0 0 0 0 0 0 0 0 0 0 0
0 0 0 0 0 0 0 0 0 0 0 0 0 0
0 0 0 0 0 0 0 0 0 0 0 0 0 0
0 0 0 0 0 0 0 0 0 0 0 0 0 0
0 0 1 0 0 0 0 3 4 1 0 0 6 0
0 0 0 0 0 0 0 0 0 0 0 0 0 0
0 0 0 0 0 0 0 0 0 0 0 0 0 0
0 0 0 0 12 0 0 0 0 0 0 0 0 0
0 0 0 0 0 0 0 0 0 0 0 0 0 0
4 16 0 0 0 5 0 0 0 15 0 0 0 0
0 3 0 0 3 0 0 0 0 0 0 0 0 0
0 0 0 0 0 0 0 0 0 0 0 0 0 0
0 0 0 0 0 0 0 0 0 0 0 0 0 0
0 0 0 0 0 0 0 12 0 0 0 0 0 0
0 0 0 0 0 0 0 0 0 0 0 0 0 0
0 0 0 0 0 0 0 0 0 0 0 0 0 0
0 0 0 0 0 0 0 0 0 0 0 0 0 0
0 0 0 0 0 0 0 0 0 0 0 0 0 0
0 0 0 0 0 0 0 0 0 0 0 0 0 0
0 0 0 0 0 0 15 0 0 0 0 0 0 0
0 0 0 0 0 0 0 0 0 0 0 0 0 0
0 0 0 0 0 0 0 0 0 0 0 0 0 0
0 0 0 0 0 0 0 0 0 0 0 0 0 0
0 0 0 0 0 0 0 0 0 0 0 0 0 0
0 0 0 0 0 0 0 0 0 0 0 0 0 0
0 0 0 0 0 0 0 0 0 0 0 0 0 0
0 0 6 0 0 0 0 0 0 0 0 0 0 0
0 0 0 0 0 0 0 0 0 0 0 0 11 0
14 0 0 0 0 0 0 0 0 0 0 0 0 0
0 0 0 0 0 0 0 0 0 0 0 0 0 0
0 0 12 0 0 0 0 0 0 0 0 0 0 0
6 0 0 0 0 0 0 0 0 0 0 0 0 0
0 0 0 0 0 0 15 0 0 0 0 0 0 0
0 0 0 0 0 0 0 0 0 0 0 0 0 0
0 0 0 0 0 6 0 0 0 0 0 0 0 0
0 13 0 0 0 0 0 0 0 0 0 0 0 0
0 0 0 0 12 0 0 0 0 0 0 0 0 0
0 0 6 0 0 0 0 0 0 0 0 0 0 0
0 0 0 0 0 0 0 0 0 0 0 0 0 0
0 0 0 0 0 0 0 0 0 0 0 0 0 0
8 0 0 0 0 0 0 0 0 0 0 0 0 0
0 0 0 0 0 12 0 0 0 0 0 0 0 0
0 0 0 0 0 0 0 0 0 0 0 0 0 0
0 0 0 0 0 0 0 0 0 0 0 0 0 0
0 0 0 0 0 0 0 0 0 0 0 0 0 0
0 0 0 0 0 0 0 0 0 0 0 0 0 0
0 0 0 0 0 13 0 0 0 0 0 0 0 0
0 0 0 0 0 0 0 0 0 0 0 0 0 0
0 0 0 0 0 0 0 0 0 0 0 0 0 0
0 0 0 0 0 0 0 0 0 0 0 0 0 0
0 0 0 0 0 0 0 0 0 0 0 0 0 0
12 0 0 0 0 0 0 0 0 0 0 0 0 0
0 0 0 0 0 0 0 0 0 0 0 0 0 0
0 0 0 0 0 0 0 0 0 0 0 0 0 0
0 0 0 0 0 0 0 0 0 0 0 0 0 0
0 0 0 0 0 0 0 0 0 0 0 0 0 0
0 0 0 0 0 0 16 0 0 0 0 0 0 0
0 0 0 0 0 0 0 0 0 0 0 0 0 0
0 0 0 0 0 0 0 0 0 0 0 0 0 0
0 0 0 0 0 0 0 0 0 0 0 0 0 0
0 0 0 0 0 0 0 0 0 0 0 0 0 0
0 0 0 14 0 0 0 0 0 0 0 0 0 0
0 0 0 0 0 0 0 0 0 0 0 0 0 0
0 0 0 0 0 0 0 0 0 0 0 0 0 0
0 0 11 0 0 0 0 0 0 0 0 0 0 0
0 0 0 0 0 0 0 0 0 0 0 0 0 0
0 0 0 0 0 0 0 0 0 0 0 0 0 0
0 0 0 12 0 0 0 0 0 0 0 0 0 0
0 0 0 0 0 0 0 0 0 0 0 0 0 0
4 4 0 0 0 4 0 0 0 0 0 0 0 0
0 0 0 0 0 0 0 0 0 0 0 0 0 0
11 0 0 0 0 0 0 0 0 0 0 0 0 0
0 0 0 0 0 0 0 0 0 0 0 0 0 0
1 0 1 0 0 0 0 0 0 0 0 0 0 0
0 0 0 0 0 15 0 0 0 0 0 0 0 0
0 13 0 0 0 0 0 0 0 0 0 0 0 0
0 0 0 0 0 0 0 0 0 0 0 0 0 0
0 0 0 0 0 0 0 15 0 0 0 0 0 0
0 0 0 0 0 0 0 0 0 0 0 0 0 0
0 0 0 0 0 0 0 0 0 0 0 0 0 0
0 0 0 0 0 0 0 0 0 0 0 0 15 0
0 0 0 0 0 0 0 0 0 0 0 0 0 0
0 0 0 0 0 0 0 0 0 0 0 0 16 0
7 0 0 0 0 0 2 0 0 0 0 0 0 0
0 0 0 0 0 0 0 0 0 0 0 0 0 0
0 1 0 0 0 0 14 0 0 0 0 0 0 0
0 0 0 0 0 0 0 0 0 0 0 0 0 0
0 12 0 0 0 0 0 0 0 0 0 0 0 0
0 0 0 0 0 0 0 0 0 0 0 0 0 0
0 0 0 0 0 0 0 0 0 0 0 0 0 0
0 0 0 0 0 0 0 0 0 0 0 0 0 0
0 0 0 0 0 0 0 0 0 0 0 0 0 0
0 0 0 0 0 0 16 0 0 0 0 0 0 0
0 11 0 0 0 0 0 0 0 0 0 0 0 0
0 11 0 0 0 0 0 0 0 0 0 0 0 0
0 0 0 0 0 0 0 0 0 0 0 0 0 0
0 0 0 0 0 0 0 0 0 0 0 0 0 0
0 0 0 0 0 0 0 0 0 0 0 0 0 0
0 0 0 0 0 0 0 0 0 0 0 0 0 0
0 12 0 0 0 0 0 0 0 0 0 0 0 0
0 0 0 0 0 0 0 0 0 0 0 0 0 0
0 0 0 0 0 0 0 0 0 0 0 0 0 0
0 0 0 0 0 0 0 0 0 0 0 0 0 0
0 0 0 0 0 13 0 0 0 0 0 0 0 0
0 0 0 0 0 0 0 0 0 0 0 0 0 0
0 0 0 0 0 0 1 0 0 0 0 0 0 0
0 0 0 0 0 0 0 0 0 0 0 0 0 0
0 0 0 0 0 0 0 0 0 0 0 0 0 0
0 0 0 0 0 0 0 0 0 0 0 0 0 0
0 0 0 0 0 0 0 0 0 0 0 0 0 0
0 0 0 0 0 0 0 0 0 0 0 0 0 0
0 12 0 0 0 0 0 0 0 0 0 0 0 0
0 0 0 0 0 10 0 0 0 0 0 0 0 0
0 15 0 0 0 0 0 0 0 0 0 0 0 0
0 0 0 0 0 0 3 0 0 0 0 0 0 0
15 0 0 0 0 0 0 0 0 0 0 0 0 0
0 0 0 0 11 0 0 0 0 0 0 0 0 0
0 0 0 0 0 0 15 0 0 0 0 0 0 0
0 0 0 0 0 0 0 0 0 0 0 0 0 0
0 0 0 0 1 0 0 0 1 0 0 1 0 0
0 0 0 0 0 0 0 0 0 0 0 0 0 0
0 0 0 0 0 0 0 0 0 0 0 0 0 0
0 0 0 0 0 0 0 0 0 0 0 0 0 0
0 0 0 0 0 0 0 0 0 0 0 0 0 0
0 0 0 0 0 0 0 0 0 0 0 0 0 0
0 0 0 0 0 0 0 0 0 0 0 0 0 0
0 0 0 0 0 0 0 0 0 0 0 0 0 0
0 0 0 0 0 0 0 0 0 0 0 0 0 0
0 0 0 0 0 0 0 0 0 0 0 0 0 0
0 0 0 0 0 0 0 0 0 0 0 0 0 0
0 0 0 0 0 0 0 0 0 0 0 0 0 0
0 0 0 0 0 0 0 0 0 0 0 0 0 0
0 0 0 0 0 0 0 0 0 0 0 0 0 0
0 0 0 0 0 0 0 0 0 0 0 0 0 0
0 0 0 0 0 0 0 0 0 0 0 0 0 0
0 0 0 0 0 0 0 0 0 0 0 0 0 0
0 0 0 0 0 0 0 0 0 0 0 0 0 0
0 0 0 0 0 0 0 0 0 0 0 0 0 0
0 0 0 0 0 0 0 0 0 0 0 0 0 0
0 0 0 0 0 0 0 0 0 0 0 0 0 0
0 0 0 0 0 0 0 0 0 0 0 0 0 0
0 0 0 0 0 0 0 0 0 0 0 0 0 0
0 0 0 0 0 0 0 0 0 0 0 0 0 0
0 0 0 0 0 0 0 0 0 0 0 0 0 0
0 0 0 0 0 0 0 0 0 0 0 0 0 0
0 0 0 0 0 0 0 0 0 0 0 0 0 0
0 0 0 0 0 0 0 0 0 0 0 0 0 0
0 0 0 0 0 0 0 0 0 0 0 0 0 0
0 0 0 0 0 0 0 0 0 0 0 0 0 0
0 0 0 0 0 0 0 0 0 0 0 0 0 0
0 0 0 0 0 0 0 0 0 0 0 0 0 0
0 0 0 0 0 0 0 0 0 0 0 0 0 0
0 0 0 0 0 0 0 0 0 0 0 0 0 0
0 0 0 0 0 0 0 0 0 0 0 0 0 0
0 0 0 0 0 0 0 0 0 0 0 0 0 0
0 0 0 0 0 0 0 0 0 0 0 0 0 0
0 0 0 0 0 0 0 0 0 0 0 0 0 0
0 0 0 0 0 0 0 0 0 0 0 0 0 0
0 0 0 0 0 0 0 0 0 0 0 0 0 0
0 0 0 0 0 0 0 0 0 0 0 0 0 0
0 0 0 0 0 0 0 0 0 0 0 0 0 0
0 0 0 0 0 0 0 0 0 0 0 0 0 0
0 0 0 0 0 0 0 0 0 0 0 0 0 0
1 0 0 0 0 1 0 0 0 0 2 0 0 1 0
0 0 0 0 0 0 0 0 0 0 0 0 0 0 0
0 0 1 0 0 1 0 0 0 2 1 0 1 0 0
0 0 0 0 0 0 0 1 0 0 0 0 0 0 0
8 8 2 3 0 4 3 10 7 11 2 4 2 7 0
0 1 0 0 0 2 0 0 2 0 0 0 0 1 0
1 1 8 1 2 2 0 0 1 0 3 3 2 3 0
2 3 1 2 0 2 2 2 3 6 3 2 2 2 0
0 0 0 2 0 0 1 2 0 0 0 1 0 0 0
3 10 1 5 3 2 4 7 6 6 17 9 6 3 0
1 0 0 0 1 0 0 0 1 2 0 0 0 0 0
1 1 2 2 0 0 1 1 0 1 0 1 0 2 0
1 1 2 1 2 0 1 1 3 3 2 3 0 3 0
5 7 3 5 7 6 3 4 4 3 11 7 6 13 0
3 14 21 38 13 9 7 6 17 26 10 8 11 11 0
1 0 0 1 1 0 0 1 1 0 0 1 1 0 0
2 6 2 2 3 3 1 3 4 2 2 4 2 4 0
0 1 1 0 1 1 1 0 1 0 2 1 3 2 0
1 3 0 0 2 0 0 0 1 0 1 1 0 0 0
21 11 1 9 25 29 38 32 29 12 3 23 21 39 0
2 2 2 2 0 3 5 3 3 2 2 4 1 2 0
0 2 1 0 0 1 0 1 2 0 2 1 0 0 0
7 11 4 5 11 8 11 7 9 7 10 9 16 8 0
2 2 0 0 0 1 1 0 1 0 1 0 0 0 0
3 1 4 3 1 0 0 0 2 2 0 2 1 1 0
0 0 0 0 0 0 0 0 0 0 0 0 0 0 0
5 3 3 3 4 3 4 3 3 2 1 4 3 3 0
0 1 0 0 0 1 0 1 1 1 0 1 1 1 0
5 3 8 8 7 0 3 1 3 7 6 2 5 4 0
0 0 2 0 2 0 2 1 2 0 0 1 2 1 0
3 1 15 9 8 5 5 5 15 3 3 10 14 10 0
5 9 5 5 6 5 6 5 9 4 6 6 5 6 0
0 0 0 0 0 0 0 0 0 3 0 0 2 1 0
0 1 0 5 0 1 2 4 2 1 1 2 5 0 0
0 0 1 0 0 0 0 0 0 0 0 0 0 0 0
0 2 0 0 0 1 1 0 1 0 0 0 0 0 0
1 1 2 0 1 1 2 2 1 0 2 0 2 2 0
4 3 3 3 3 8 3 4 3 6 4 4 5 4 0
0 0 0 0 0 0 0 0 0 0 0 0 0 0 0
0 0 0 0 0 0 0 0 0 0 1 0 0 0 0
4 3 1 4 5 7 2 4 2 4 2 3 5 6 0
4 16 7 5 1 1 12 8 0 1 1 9 4 3 0
0 0 0 0 0 0 0 0 0 0 0 0 2 0 0
0 0 0 0 1 0 0 0 1 0 0 0 1 0 0
1 1 0 0 1 0 0 0 0 0 0 0 1 0 0
0 0 0 0 2 2 1 0 0 0 0 1 1 2 0
0 0 0 0 0 0 0 0 0 0 0 0 0 0 0
13 10 9 9 4 6 9 4 7 12 7 6 3 3 0
2 0 0 0 0 0 1 0 0 0 0 0 0 0 0
0 1 1 0 0 0 1 0 0 0 0 0 0 1 0
1 3 3 5 3 5 1 0 3 4 4 9 3 0 0
1 0 1 0 1 0 1 0 0 0 0 2 1 0 0
0 0 0 0 0 0 0 1 1 0 0 1 1 0 0
0 2 4 0 0 2 2 2 2 1 4 1 1 1 0
0 1 0 2 0 0 0 1 1 0 0 0 0 0 0
6 8 4 3 4 9 5 8 7 11 8 7 8 5 0
0 0 1 0 0 0 0 2 1 3 2 0 0 0 0
2 0 0 1 0 0 0 0 0 1 0 0 0 0 0
3 0 2 2 0 0 2 1 5 2 2 0 1 0 0
0 0 2 1 2 1 0 0 0 0 1 0 0 1 0
0 1 1 0 0 1 1 0 3 1 0 0 0 3 0
0 3 4 0 3 1 1 2 2 1 1 2 2 4 0
0 0 0 0 0 0 1 1 1 0 1 1 0 0 0
36 51 33 21 34 44 33 35 47 44 32 40 48 22 0
0 0 0 0 2 1 1 0 0 1 0 0 0 0 0
2 2 3 3 2 2 2 2 2 2 3 3 2 1 0
1 0 1 0 0 0 0 0 0 0 0 1 0 1 0
12 2 9 5 5 1 2 5 4 5 5 4 7 7 0
0 0 0 0 0 0 2 0 0 0 0 0 0 0 0
0 0 0 0 0 0 0 1 0 0 0 1 0 0 0
3 3 2 4 2 1 0 0 3 3 2 2 1 3 0
6 6 6 9 9 3 8 9 13 12 11 7 7 7 0
0 0 1 1 0 0 1 0 0 0 1 0 0 1 0
0 0 0 1 0 0 0 0 1 0 0 0 1 0 0
0 1 0 0 1 0 1 0 0 1 1 0 0 0 0
0 1 1 0 1 1 0 0 1 1 0 1 1 1 0
0 0 0 0 0 0 0 0 0 0 0 0 0 1 0
0 0 0 0 0 0 0 2 0 1 0 0 0 0 0
1 1 1 1 1 1 2 3 1 1 2 2 1 1 0
78 53 38 49 43 61 57 67 70 104 46 63 43 42 0
0 0 1 0 0 0 1 0 1 0 0 1 0 0 0
1 0 1 0 0 0 0 0 4 1 0 0 0 0 0
0 1 0 0 0 1 0 0 0 0 0 0 0 1 0
0 3 1 0 0 1 1 0 1 2 0 1 2 4 0
0 0 0 0 0 0 0 0 0 1 0 1 0 0 0
0 0 0 0 0 0 0 0 0 0 0 0 0 0 0
0 0 1 0 0 0 0 0 0 0 1 0 0 1 0
1 1 0 0 1 0 0 0 1 1 0 1 0 0 0
0 1 0 0 0 0 0 0 0 1 0 0 0 0 0
0 0 1 0 0 4 0 0 0 0 0 0 1 0 0
41 33 9 12 31 21 23 21 34 39 34 22 20 17 0
0 0 0 0 1 0 1 1 0 0 0 1 1 0 0
8 5 3 2 2 7 3 3 4 0 2 2 2 1 0
10 5 3 5 5 8 7 8 3 4 4 2 2 2 0
7 7 7 2 3 9 5 7 6 0 1 2 4 7 0
0 2 1 1 0 1 1 1 3 0 1 1 1 1 0
0 0 1 0 1 0 0 0 0 0 0 1 0 0 0
3 1 0 0 0 1 0 0 0 0 0 1 5 1 0
2 0 0 0 0 0 1 1 1 0 0 2 0 0 0
0 0 0 0 0 0 0 0 0 0 0 0 0 0 0
0 0 1 6 6 2 0 0 1 1 2 2 2 3 0
0 1 0 0 1 0 0 1 0 0 0 0 1 0 0
0 1 0 0 0 0 0 1 0 0 0 0 0 0 0
0 0 0 2 0 0 1 2 2 1 0 1 2 2 0
1 1 1 1 0 1 1 2 0 0 0 1 0 0 0
14 11 10 2 31 21 20 26 16 14 23 27 36 23 0
0 0 0 0 1 0 0 0 0 0 0 0 0 0 0
0 3 0 0 0 1 0 0 0 0 1 2 1 2 0
1 1 1 0 1 2 0 1 1 1 1 1 1 1 0
1 3 1 2 2 5 4 1 5 5 4 2 2 4 0
0 0 0 0 0 0 0 2 0 0 0 0 0 1 0
2 1 2 1 1 1 0 0 2 1 1 0 1 0 0
0 0 0 0 0 2 0 0 2 1 0 0 0 0 0
1 0 0 0 1 0 1 1 0 0 1 0 0 1 0
14 16 12 17 16 21 12 15 16 13 21 19 16 18 0
1 2 0 0 3 3 0 1 0 0 0 0 0 0 0
1 0 0 1 0 0 0 0 0 0 1 0 1 0 0
0 0 4 0 1 1 0 2 1 0 3 6 1 1 0
0 0 2 0 0 0 0 0 6 0 0 0 0 0 0
3 5 2 2 4 6 5 1 4 3 4 2 2 2 0
0 0 0 0 0 0 0 0 0 0 0 0 0 0 0
2 2 0 0 1 0 2 3 2 2 1 1 1 1 0
0 1 0 0 1 1 0 1 0 0 0 0 0 0 0
2 0 1 0 0 0 1 0 0 1 1 0 1 0 0
0 2 0 0 1 0 0 0 0 0 0 0 0 0 0
1 0 21 2 3 0 0 1 0 0 1 1 0 3 0
7 8 1 1 3 8 4 3 6 3 4 5 2 4 0
3 1 2 1 2 3 2 2 3 1 0 1 1 0 0
1 0 0 0 0 2 0 1 1 0 0 0 1 0 0
12 9 7 2 1 2 7 31 14 4 9 17 11 11 0
1 0 1 0 0 0 0 0 0 0 1 0 0 1 0
1 0 2 0 1 0 1 1 0 0 0 0 1 1 0
1 0 1 1 0 1 1 0 1 2 0 1 1 0 0
0 0 0 0 0 0 0 0 0 0 0 0 0 0 0
4 3 1 1 2 3 2 3 2 3 1 2 1 2 0
0 0 0 0 0 1 0 0 0 0 0 0 0 0 0
6 3 3 5 3 3 2 5 4 4 5 3 4 3 0
3 4 1 1 3 3 2 3 5 4 1 2 5 3 0
0 0 2 0 0 0 1 1 0 0 1 1 1 0 0
19 31 37 28 28 22 33 32 32 28 28 29 28 26 0
0 0 0 0 0 0 0 0 0 0 0 1 0 0 0
53 59 55 69 54 48 45 45 51 50 52 44 40 59 0
0 0 0 0 0 0 0 0 0 0 0 0 0 0 0
3 0 2 0 1 0 1 1 0 1 1 0 0 0 0
6 0 3 3 1 3 2 3 3 3 6 4 8 3 0
10 9 3 2 9 10 7 5 7 3 3 11 13 12 0
0 0 1 0 0 0 1 1 0 0 1 0 0 0 0
0 0 1 2 0 0 0 0 0 0 0 0 2 0 0
4 13 7 10 10 10 5 8 2 8 10 13 4 11 0
5 7 5 5 5 5 6 5 4 5 5 6 6 5 0
1 1 0 0 1 1 1 1 2 2 1 1 2 3 0
22 15 16 3 12 14 18 13 16 16 25 26 24 24 0
6 5 2 2 4 5 6 2 7 3 3 7 3 4 0
0 1 0 1 0 0 0 1 0 0 0 0 0 0 0
5 5 6 3 7 3 6 3 7 4 4 3 5 4 0
1 0 1 0 2 1 2 0 0 0 0 2 1 0 0
0 0 0 2 4 0 0 0 0 0 0 0 0 1 0
1 0 0 0 1 0 0 0 0 0 0 0 0 0 0
0 0 1 1 1 0 2 1 1 0 2 0 2 0 0
0 0 1 0 0 0 0 0 0 0 0 0 0 0 0
2 1 0 0 0 0 0 1 0 0 0 0 0 0 0
0 2 0 0 2 2 1 7 2 2 1 4 0 0 0
1 1 1 2 0 2 1 1 3 1 2 4 1 3 0
0 1 0 0 0 1 0 0 0 0 0 1 0 0 0
1 3 0 0 2 3 0 1 0 0 0 0 2 1 0
12 19 14 18 14 19 16 17 15 9 17 15 17 14 0
3 2 0 1 1 3 1 2 2 2 2 2 1 3 0
1 1 0 0 4 2 2 3 3 3 3 3 1 1 0
8 20 24 8 13 26 25 24 22 14 27 16 18 27 0
26 16 10 12 0 21 15 13 15 17 6 5 20 9 0
1 1 2 0 0 1 0 0 0 0 1 1 0 0 0
4 8 7 1 7 6 6 7 7 7 2 2 8 2 0
0 0 0 0 1 2 0 0 0 0 0 0 0 1 0
0 0 2 0 0 3 0 1 0 0 0 0 0 0 0
1 4 4 0 3 4 2 5 3 1 3 1 1 1 0
0 4 1 2 8 5 0 9 2 3 0 0 0 2 0
0 0 0 0 0 0 1 0 0 0 0 0 0 0 0
1 0 0 1 0 0 0 0 0 0 0 1 0 0 0
1 1 0 3 2 1 2 0 1 0 1 0 1 0 0
3 1 1 0 0 1 1 1 0 1 1 1 1 2 0
2 0 3 2 1 5 5 3 3 1 5 4 8 5 0
2 1 1 0 1 1 2 1 2 2 1 1 0 1 0
0 0 0 0 0 0 0 1 0 0 0 1 0 0 0
0 0 0 0 0 0 0 0 0 0 0 0 0 0 0
7 3 10 11 9 4 5 4 6 2 4 9 8 6 0
12 22 36 12 32 28 16 19 19 18 32 6 26 25 0
0 1 0 1 2 0 1 0 0 6 1 22 0 0 0
2 4 29 9 6 5 24 17 12 19 19 18 19 14 0
6 4 2 5 0 4 6 2 4 2 8 1 6 2 0
0 0 0 0 0 0 0 0 0 0 0 1 0 0 0
0 0 0 0 1 0 0 0 0 1 1 0 1 2 0
13 24 31 62 37 0 1 5 27 0 0 0 37 22 0
2 5 2 7 0 0 6 2 0 7 3 1 3 1 0
0 1 0 0 1 1 1 2 2 2 0 0 3 1 0
8 12 7 4 0 7 8 7 15 6 15 14 15 5 0
4 3 2 2 3 3 4 3 5 3 2 3 3 3 0
0 0 2 1 0 2 0 0 1 0 5 0 0 1 0
0 0 0 0 2 0 0 0 5 2 1 2 0 2 0
30 63 55 63 29 60 65 51 34 46 88 53 40 46 0
2 0 1 0 0 0 0 1 1 0 0 0 0 0 0
0 1 0 0 0 0 0 0 0 0 0 0 0 0 0
27 27 26 16 30 28 25 38 41 40 25 31 24 23 0
1 1 0 0 0 2 3 0 0 1 1 0 2 0 0
1 0 0 0 1 0 1 0 0 0 0 1 0 0 0
6 10 3 5 6 3 3 5 11 14 4 5 8 8 0
2 0 0 0 1 0 0 0 0 1 3 2 1 0 0
1 0 0 0 0 0 0 0 0 0 0 0 0 0 0
2 8 16 7 8 7 4 7 7 2 4 11 3 7 0
6 6 5 4 3 4 4 4 6 2 4 2 2 4 0
7 12 13 1 5 6 6 11 10 8 9 3 9 12 0
4 3 0 3 2 1 0 3 2 0 0 2 0 1 0
0 0 0 0 0 0 3 0 1 0 0 0 0 0 0
6 3 6 0 6 3 3 10 2 2 10 6 10 8 0
0 0 0 0 1 1 0 0 0 1 0 0 0 1 0
3 2 2 0 0 3 2 2 1 1 0 1 0 1 0
15 6 3 8 6 10 8 15 7 9 6 11 7 10 0
0 0 0 1 0 0 0 0 0 0 0 0 0 0 0
0 1 1 2 0 2 1 0 1 2 1 1 0 1 0
2 1 1 0 1 1 1 0 2 0 1 0 1 0 0
0 0 0 0 0 0 0 0 0 0 1 0 0 0 0
0 0 1 3 0 2 6 4 5 0 3 5 8 4 0
1 0 0 0 0 0 0 0 0 0 0 0 0 1 0
5 8 1 1 4 2 6 3 5 4 4 14 10 11 0
8 5 8 11 8 5 5 4 5 16 7 18 4 7 0
2 3 1 0 0 0 1 1 2 1 1 1 0 2 0
528 466 588 455 423 547 555 645 505 491 523 271 325 332 0
0 1 1 0 1 1 0 0 2 1 1 1 1 1 0
8 5 10 0 1 2 4 5 7 3 3 10 3 1 0
0 0 0 0 0 1 0 0 0 0 0 0 0 0 0
0 1 0 1 0 1 1 0 1 0 0 1 0 0 0
0 1 1 0 0 1 2 0 0 0 0 0 2 0 0
3 1 0 1 0 0 1 2 2 1 1 0 1 0 0
0 0 0 0 0 0 0 0 0 0 0 0 0 0 0
0 0 0 0 0 0 1 0 0 0 0 1 0 1 0
0 0 1 2 0 0 2 0 0 0 1 3 1 2 0
2 0 2 2 2 2 3 0 0 1 7 1 1 4 0
2 6 9 6 6 4 5 11 5 26 29 16 39 9 0
0 5 1 1 5 2 10 1 2 1 4 1 10 7 0
14 11 6 3 3 6 10 4 19 2 7 5 9 17 0
27 15 9 8 32 29 28 27 29 11 10 26 31 32 0
62 64 22 19 53 52 40 51 65 24 60 74 51 85 0
2 0 0 0 0 1 1 1 0 0 0 0 3 1 0
0 0 0 0 0 0 0 0 0 0 0 0 1 0 0
0 0 2 3 0 1 0 1 0 1 1 1 1 3 0
0 1 1 1 1 1 1 1 0 3 1 0 2 1 0
1 1 0 0 1 3 1 1 1 1 1 0 0 0 0
1 0 0 1 0 1 0 0 1 0 0 0 0 0 0
15 8 1 0 1 3 8 2 2 1 6 2 7 11 0
20 49 30 50 52 56 25 52 52 40 54 55 35 21 0
1 14 9 6 6 4 13 8 11 9 3 5 8 13 0
10 7 4 3 5 4 2 4 4 6 2 3 2 1 0
1 10 2 8 1 8 0 1 19 0 0 25 3 12 0
0 0 2 0 2 0 2 1 0 1 0 0 4 1 0
0 2 1 1 1 1 1 1 0 0 0 0 0 1 0
2 3 3 2 4 1 4 2 6 4 2 3 2 3 0
2 1 1 1 0 0 0 2 1 0 0 1 1 0 0
1 1 1 0 0 0 0 0 0 1 1 0 0 0 0
17 5 4 8 7 0 39 26 18 10 5 15 22 7 0
0 0 0 3 3 2 0 1 1 3 2 3 3 2 0
50 34 26 29 28 10 7 9 12 12 24 34 21 18 0
0 0 0 0 0 0 0 2 2 1 0 0 3 1 0
0 0 0 0 0 0 0 0 0 0 0 1 0 0 0
0 0 0 0 0 0 0 0 0 0 0 1 0 0 0
4 10 0 2 2 4 7 8 7 0 5 5 7 12 0
16 7 12 8 10 4 4 1 6 3 10 11 13 13 0
0 0 0 0 0 0 0 0 0 0 0 0 0 0 0
0 0 0 0 0 0 0 0 0 0 0 0 0 0 0
1 0 0 0 1 0 3 2 0 2 2 2 1 0 0
0 1 0 1 0 0 0 1 0 0 1 0 1 1 0
0 0 0 0 1 0 0 0 0 0 0 1 0 0 0
0 1 0 0 0 0 0 0 1 0 2 0 0 0 0
0 0 0 0 0 1 0 1 1 0 1 0 0 1 0
0 0 1 0 0 0 0 0 0 1 0 0 0 0 0
1 0 1 0 1 1 2 1 1 1 0 1 1 0 0
1 0 0 0 0 0 1 1 0 1 0 0 1 2 0
18 12 5 6 7 4 14 7 11 19 11 6 3 1 0
2 1 0 3 1 2 4 2 2 1 6 4 2 0 0
0 2 1 0 0 0 0 1 0 0 0 2 1 1 0
0 0 0 0 0 0 0 0 0 0 0 0 1 0 0
7 7 6 6 7 7 7 7 7 6 7 7 7 7 0
2 7 10 5 3 7 3 11 7 1 6 2 4 14 0
0 0 0 1 0 0 1 0 0 0 0 0 0 1 0
16 6 10 10 12 9 6 11 14 9 7 8 9 8 0
0 0 0 0 0 0 0 0 1 0 0 1 0 0 0
5 1 2 4 2 5 2 1 7 2 5 2 4 5 0
0 6 0 0 1 1 2 0 2 2 2 4 1 7 0
1 0 0 0 1 1 2 0 2 0 0 0 0 1 0
1 0 0 0 2 0 1 0 1 0 0 1 0 0 0
1 2 1 1 0 1 2 2 2 0 1 2 1 3 0
1 1 1 0 0 0 2 1 1 2 0 0 1 3 0
3 2 1 3 2 1 1 2 1 2 0 1 1 0 0
0 1 0 3 1 1 0 0 1 1 0 3 4 2 0
1 0 0 0 0 0 0 0 0 1 0 1 0 0 0
0 2 1 3 2 0 2 3 1 1 3 2 0 2 0
2 1 0 1 1 2 0 0 1 0 1 0 0 0 0
3 0 0 0 0 0 0 3 2 0 3 0 0 0 0
0 0 0 0 0 0 1 0 0 0 0 0 0 0 0
1 1 0 1 0 0 0 2 1 0 0 0 1 0 0
8 7 6 4 4 4 6 4 7 7 7 7 8 3 0
0 1 0 0 0 0 0 1 0 1 1 1 1 1 0
0 0 0 0 0 0 0 0 0 0 0 0 1 0 0
2 0 4 2 0 4 4 3 4 4 1 1 0 6 0
7 8 3 11 3 2 7 4 1 1 2 0 0 1 0
1 1 1 1 0 0 0 0 1 0 0 0 0 2 0
1 1 1 1 0 0 0 0 1 2 1 2 0 1 0
1 0 0 1 1 0 0 0 1 2 0 5 1 1 0
2 1 3 2 3 1 8 0 4 1 2 2 3 3 0
1 0 0 0 1 3 1 4 1 0 0 1 3 0 0
0 0 0 0 1 0 0 0 0 0 0 0 0 0 0
0 0 0 0 0 0 0 1 1 0 0 2 0 0 0
2 19 25 19 11 22 21 31 35 37 16 11 18 37 0
7 4 2 1 6 11 7 6 16 2 2 3 2 3 0
0 0 0 0 0 0 0 0 0 0 0 0 0 0 0
0 0 0 0 0 0 0 0 0 0 0 0 0 1 0
2 1 3 1 6 3 1 1 0 1 2 6 5 1 0
0 0 0 0 0 0 0 0 0 0 0 0 0 0 0
0 2 0 0 0 1 0 0 0 0 0 0 1 1 0
1 0 0 2 0 1 0 1 2 2 2 3 1 5 0
0 1 1 1 1 0 0 1 0 1 0 0 1 0 0
7 1 2 5 2 3 3 7 3 4 2 5 5 1 0
5 3 4 5 1 1 1 4 3 3 1 2 4 2 0
0 4 0 0 0 0 0 1 1 1 3 1 3 2 0
29 14 35 23 30 29 17 28 36 27 37 15 19 9 0
1 0 0 0 0 1 0 0 0 0 0 0 0 0 0
58 58 47 63 39 59 52 63 48 47 37 62 50 56 0
1 2 0 1 1 1 1 0 1 3 0 1 1 1 0
0 1 1 0 1 2 4 5 3 3 5 2 2 0 0
0 2 0 0 0 0 1 0 0 0 0 0 0 0 0
1 0 1 1 0 1 0 0 2 2 2 0 0 0 0
0 6 4 2 1 11 5 16 3 1 6 7 13 8 0
2 0 1 1 2 2 1 1 1 2 0 1 0 0 0
0 1 0 0 0 0 1 1 1 1 1 0 0 1 0
0 2 2 0 1 2 6 1 3 3 1 2 4 2 0
0 0 0 0 0 0 0 0 2 0 0 0 0 0 0
7 8 6 9 12 10 16 17 28 12 10 10 11 12 0
0 0 0 0 0 0 1 1 0 0 1 0 0 0 0
0 2 0 0 0 0 0 0 1 1 0 0 0 0 0
0 0 0 0 0 0 0 0 0 0 1 0 0 0 0
0 0 17 27 0 0 0 0 0 0 37 0 0 0 0
0 0 3 2 0 0 0 1 1 0 0 0 0 0 0
0 0 0 0 0 5 2 0 0 0 1 0 0 0 0
3 5 4 2 3 3 7 3 5 4 3 2 2 3 0
1 0 1 1 0 3 0 0 0 0 1 0 0 0 0
1 1 0 0 0 2 1 1 0 1 0 0 0 0 0
1 1 1 0 0 0 2 0 1 0 0 1 0 0 0
1 1 1 1 1 2 1 0 0 1 0 1 0 2 0
26 18 17 12 29 32 19 23 18 18 13 22 14 27 0
3 2 2 1 1 1 0 1 0 5 1 1 2 2 0
0 0 0 0 0 0 0 1 0 0 0 0 0 0 0
9 14 13 13 16 19 16 17 17 9 12 12 11 14 0
0 0 0 1 1 0 0 1 1 2 1 1 0 1 0
0 0 0 0 0 0 0 0 0 0 0 0 0 0 0
0 0 0 0 0 0 1 0 0 0 0 0 0 0 0
0 0 0 0 0 0 1 0 2 0 1 0 0 0 0
0 0 0 0 0 0 1 0 1 0 0 0 0 0 0
7 2 4 4 0 7 5 6 3 0 1 0 0 1 0
54 52 49 46 52 54 56 61 51 58 42 55 55 48 0
0 1 0 0 0 0 1 0 1 0 0 0 1 0 0
0 1 0 0 0 0 0 1 0 0 0 0 0 0 0
12 8 29 24 10 17 19 31 21 12 23 30 25 55 0
0 0 0 2 0 0 1 0 2 1 1 0 0 0 0
0 1 0 0 0 0 0 0 0 0 0 0 0 0 0
11 11 31 15 26 6 13 7 15 10 19 18 11 8 0
0 0 0 1 0 1 1 0 1 1 0 0 1 0 0
1 0 0 2 1 0 0 0 0 0 1 1 4 0 0
0 2 0 0 0 0 0 0 0 1 1 2 1 1 0
0 1 1 0 1 1 1 1 0 0 0 0 2 3 0
1 0 0 0 0 0 0 0 0 0 0 0 0 1 0
1 2 1 3 1 2 1 2 1 2 1 1 2 2 0
6 2 7 9 3 6 2 5 13 11 8 5 2 2 0
1 4 0 0 0 0 2 0 1 0 2 0 0 1 0
0 1 0 0 0 1 0 0 1 0 0 1 0 0 0
2 1 0 1 2 0 0 2 1 0 1 1 0 2 0
0 0 0 0 0 0 0 1 0 0 0 0 0 0 0
5 5 5 0 3 4 8 5 4 6 2 1 2 6 0
0 0 0 0 1 0 0 0 0 1 0 2 0 1 0
2 0 0 0 0 2 0 1 2 1 1 0 0 1 0
0 0 0 0 0 1 0 0 0 0 0 0 0 0 0
0 0 0 0 0 0 0 0 0 0 0 0 0 0 0
0 0 1 0 0 0 0 0 0 0 0 0 0 0 0
1 2 1 3 4 2 3 4 2 1 4 2 10 3 0
9 15 2 0 9 7 8 11 14 21 4 10 10 6 0
0 0 0 1 0 2 0 1 0 0 0 0 0 0 0
1 2 0 0 0 0 0 0 0 0 0 0 2 0 0
15 8 12 10 5 8 15 15 14 19 17 11 13 17 0
0 2 0 1 2 1 0 0 0 0 0 1 1 0 0
1 0 0 1 0 0 0 0 0 1 1 0 2 1 0
0 1 2 0 1 0 2 2 0 0 1 1 6 0 0
2 3 0 0 3 3 3 3 4 0 3 2 3 3 0
13 11 5 5 9 7 11 12 5 2 2 11 10 16 0
0 1 1 2 1 1 1 2 0 1 1 0 2 2 0
3 2 1 1 2 0 2 1 0 0 5 1 5 0 0
0 0 0 0 0 0 0 0 0 0 0 1 0 0 0
0 0 0 0 0 0 0 0 0 0 0 0 0 0 0
0 0 0 0 0 0 0 2 0 0 2 0 0 0 0
0 1 0 0 1 0 2 1 0 0 1 0 1 1 0
5 0 1 0 2 0 1 1 2 2 1 3 0 0 0
8 6 5 5 9 12 11 9 10 14 12 11 9 12 0
3 0 4 2 0 0 1 0 1 1 1 1 0 2 0
1 1 1 0 1 0 0 1 1 1 1 0 0 0 0
1 1 1 0 3 4 3 2 4 4 4 3 4 3 0
0 1 2 1 1 2 6 5 3 0 0 0 3 4 0
0 0 0 0 0 0 0 0 0 0 0 0 0 0 0
11 9 13 9 7 9 20 18 13 8 8 9 14 9 0
0 13 17 10 0 11 19 34 17 7 10 14 18 15 0
0 0 0 0 1 0 0 1 1 0 0 0 0 1 0
1 1 1 1 1 1 5 1 2 5 1 1 1 1 0
3 1 1 0 2 0 0 1 2 1 0 0 1 2 0
0 0 0 0 0 0 0 0 1 0 0 0 0 0 0
0 0 0 1 0 0 0 0 1 0 0 1 0 0 0
0 0 2 0 0 0 0 0 0 2 1 0 1 0 0
0 1 0 0 0 1 0 0 1 2 1 0 1 1 0
0 0 2 0 0 0 0 0 0 0 0 0 0 0 0
6 5 6 12 5 9 8 6 5 5 6 6 8 9 0
0 1 1 0 0 0 0 0 0 0 1 0 0 0 0
7 1 2 1 2 1 6 3 1 8 8 7 8 4 0
0 1 0 1 0 1 0 0 2 0 0 2 0 0 0
0 0 0 0 0 1 1 0 0 0 1 0 0 1 0
21 22 13 21 23 27 27 18 19 17 11 21 17 16 0
0 0 0 0 0 0 0 0 1 0 0 0 0 1 0
2 0 0 1 1 1 0 0 2 1 0 1 1 1 0
10 3 2 4 11 1 10 7 4 8 4 7 3 7 0
6 8 6 4 4 7 7 10 11 7 10 7 7 6 0
5 6 2 4 2 7 3 8 4 1 4 5 2 5 0
3 2 1 1 2 2 1 2 3 1 1 1 2 1 0
2 0 1 1 0 0 3 1 0 1 2 1 1 0 0
3 0 3 0 6 2 3 3 2 3 7 4 4 2 0
0 0 3 5 2 1 3 0 5 7 2 4 1 5 0
3 1 1 0 1 0 3 1 2 2 2 3 0 0 0
17 6 6 7 15 11 6 9 9 10 13 7 6 5 0
2 3 6 4 2 4 3 3 3 4 5 3 1 3 0
3 2 2 2 3 2 2 3 4 3 2 3 2 3 0
10 19 13 13 12 10 15 12 23 11 11 15 14 26 0
1 1 2 3 8 3 6 8 5 5 23 8 3 1 0
2 3 0 0 3 2 2 2 3 0 0 3 2 2 0
1 0 2 1 1 8 0 2 4 1 3 1 1 2 0
25 31 58 54 19 39 27 22 45 51 51 57 36 46 0
67 4 7 11 7 15 21 23 19 42 22 32 14 43 0
51 54 41 24 46 27 41 49 37 28 40 42 44 37 0
0 0 0 0 0 0 0 0 0 0 0 0 0 0 0
0 1 0 3 1 1 1 1 0 0 0 1 0 0 0
0 0 0 0 0 0 1 0 0 0 1 0 0 0 0
0 1 3 1 0 5 1 0 9 3 2 1 0 1 0
5 3 7 12 7 7 5 10 10 5 6 3 2 5 0
1 1 0 2 0 1 2 0 0 0 0 3 1 3 0
0 0 0 0 0 0 0 0 0 0 0 0 0 1 0
0 1 0 0 0 0 2 0 1 0 0 0 0 1 0
1 1 0 0 1 0 1 0 0 0 0 2 0 1 0
1 2 0 0 1 1 2 0 1 0 0 1 1 0 0
2 3 6 12 7 4 7 3 10 4 3 5 3 2 0
0 0 0 0 1 0 2 0 1 0 0 0 0 0 0
1 3 2 0 0 0 0 0 0 0 1 3 3 2 0
3 2 2 2 2 1 4 4 4 1 1 1 1 2 0
0 0 0 0 1 0 0 0 0 0 0 0 0 1 0
0 0 7 3 4 3 2 2 4 3 6 0 7 1 0
3 6 3 3 0 2 5 6 2 4 1 2 0 1 0
0 1 0 0 0 1 0 0 0 1 2 0 0 1 0
2 5 5 40 10 4 8 14 1 2 1 4 0 2 0
0 0 1 0 0 1 0 0 3 0 0 0 0 0 0
11 3 11 14 21 11 14 7 3 24 19 43 24 20 0
0 0 9 19 18 36 14 32 4 7 29 13 21 34 0
0 0 0 0 0 0 0 0 0 4 0 0 0 0 0
9 2 0 5 6 0 3 15 2 9 2 24 3 8 0
2 1 1 5 2 3 9 1 1 2 1 1 3 2 0
1 0 3 1 2 1 1 1 0 2 1 4 2 2 0
8 5 10 9 10 5 7 8 5 4 3 8 13 9 0
0 5 6 4 1 3 4 3 6 8 13 5 3 3 0
2 1 3 2 4 4 4 6 2 3 3 4 0 3 0
12 8 12 9 18 8 8 12 9 4 13 18 14 11 0
0 0 0 0 0 0 0 0 0 0 0 0 0 0 0
1 3 2 15 8 6 8 7 20 6 9 14 7 19 0
3 14 17 9 12 12 13 15 16 20 42 31 16 6 0
30 46 39 30 11 3 9 22 30 26 0 42 65 24 0
9 4 8 2 8 7 3 3 0 9 19 5 11 4 0
0 0 0 0 0 0 0 0 0 5 0 0 0 0 0
0 0 2 1 1 1 0 1 0 1 1 4 0 0 0
148 67 70 100 78 65 55 90 104 110 58 106 87 88 0
2 1 0 2 2 0 5 10 1 16 0 2 0 0 0
3 0 0 2 8 0 2 0 0 2 0 1 2 1 0
3 0 0 0 0 0 0 0 0 0 1 0 0 0 0
0 0 0 0 0 0 0 1 1 2 0 1 0 1 0
0 10 20 11 11 19 9 21 3 9 2 3 1 0 0
7 3 4 7 11 6 5 11 10 5 12 5 11 12 0
3 3 9 7 0 2 0 1 1 6 12 6 1 2 0
2 2 4 1 2 2 4 2 2 3 2 2 3 1 0
0 4 2 0 5 2 0 6 1 0 6 6 3 5 0
0 0 0 0 0 0 0 0 0 0 0 0 0 0 0
1 0 2 3 1 1 2 1 1 2 1 0 1 1 0
14 7 13 5 6 13 8 8 12 16 14 8 18 15 0
0 0 0 0 0 0 0 0 0 0 0 0 0 0 0
0 16 27 24 6 21 18 16 16 26 34 14 22 26 0
0 0 0 0 0 0 0 0 0 0 0 0 0 0 0
1 0 0 0 0 0 0 0 1 0 1 0 0 3 0
0 5 0 3 2 1 2 3 2 6 0 1 5 4 0
3 10 10 19 14 12 3 11 13 3 0 5 4 8 0
0 0 1 2 1 0 0 1 0 0 0 0 0 1 0
6 6 6 6 6 5 6 7 6 6 6 6 6 6 0
9 0 10 5 1 1 2 5 5 4 4 9 10 10 0
0 9 17 7 4 16 10 5 2 7 0 12 13 7 0
1 0 0 0 0 0 0 0 0 0 0 0 0 1 0
2 4 1 1 1 2 2 3 3 1 3 2 3 3 0
0 2 2 1 3 3 2 1 3 0 3 2 0 0 0
3 4 3 1 2 2 2 3 5 5 3 7 2 2 0
0 1 0 1 1 1 0 0 2 0 0 0 0 0 0
1 0 2 0 0 0 0 0 0 0 1 0 0 0 0
0 1 2 0 0 0 1 0 2 0 0 0 0 0 0
1 0 0 2 1 0 0 0 1 1 0 0 0 0 0
0 1 0 0 0 1 0 0 1 0 0 0 0 0 0
0 0 0 0 0 0 0 0 0 0 0 0 0 0 0
0 0 0 0 0 0 0 0 0 0 0 0 0 0 0
0 2 0 0 0 0 0 2 0 0 0 0 0 1 0
0 0 0 0 0 0 1 0 0 0 0 0 0 1 0
1 1 5 1 3 1 2 1 4 3 1 1 3 5 0
7 3 2 3 7 6 5 3 3 3 5 5 5 9 0
1 0 1 0 0 0 0 1 0 0 0 0 0 3 0
1 0 0 0 0 0 3 0 0 0 1 4 0 2 0
3 0 4 2 6 2 2 6 4 7 5 8 9 9 0
0 0 0 0 0 1 0 0 1 0 0 0 0 1 0
1 1 0 0 0 1 0 0 0 0 0 1 0 1 0
2 4 4 3 2 2 5 5 4 4 4 1 0 3 0
2 1 0 1 0 1 1 0 2 1 1 1 1 0 0
0 0 1 2 0 1 0 0 0 1 0 0 0 1 0
0 0 2 0 2 2 3 1 1 1 1 1 5 3 0
2 1 1 2 7 3 3 8 4 3 6 1 3 2 0
0 0 0 2 1 0 1 0 0 0 1 2 0 0 0
27 16 8 12 25 25 13 18 17 18 18 14 17 11 0
3 0 0 0 0 0 0 0 0 0 0 0 0 0 0
7 0 0 5 1 0 4 1 3 2 3 3 2 1 0
5 6 7 19 8 5 4 2 10 3 4 3 6 7 0
0 0 1 0 2 2 0 4 1 1 18 5 1 2 0
2 1 1 0 0 2 1 0 2 0 1 1 2 1 0
1 0 1 0 0 0 0 0 0 0 0 0 0 0 0
1 2 0 1 1 1 4 4 5 7 4 6 4 5 0
0 0 0 0 1 0 0 1 1 0 1 1 0 2 0
0 0 0 0 0 0 1 0 4 0 0 0 0 0 0
7 10 4 11 7 6 6 4 13 9 5 5 10 10 0
4 1 4 4 1 3 3 0 3 2 3 4 2 2 0
0 0 0 0 0 0 0 1 1 0 0 0 0 2 0
4 1 1 0 0 1 0 0 0 0 1 0 1 0 0
8 6 3 4 4 3 5 3 7 5 4 4 5 4 0
1 16 3 3 2 3 1 8 0 5 9 28 25 18 0
8 0 0 2 2 2 2 6 7 3 6 2 3 0 0
0 0 0 0 0 0 0 0 0 0 0 0 0 0 0
17 46 32 10 28 22 27 14 40 16 13 16 20 26 0
1 0 0 0 1 0 0 0 0 0 0 0 0 1 0
0 0 1 0 0 0 0 0 0 0 0 0 1 0 0
1 0 0 0 0 0 1 0 1 0 0 1 0 1 0
2 35 10 3 4 5 5 3 38 7 5 5 5 4 0
0 0 0 0 0 0 0 0 0 0 0 0 0 0 0
0 0 0 0 0 1 1 0 0 0 1 1 0 0 0
3 2 1 1 2 3 2 3 3 2 1 2 1 1 0
0 1 0 0 1 0 1 2 0 1 0 0 0 0 0
0 1 0 0 0 0 0 0 0 0 0 0 0 0 0
0 1 0 0 0 1 0 0 1 0 0 0 0 0 0
0 0 0 0 3 0 0 0 0 0 0 0 0 0 0
1 1 0 0 1 0 0 0 1 1 1 0 2 2 0
2 8 1 1 2 0 1 4 0 0 3 3 2 8 0
0 2 2 1 1 3 3 2 4 1 0 0 3 1 0
0 0 0 0 0 0 0 0 0 0 0 0 0 0 0
1 2 1 2 1 0 0 0 2 0 0 0 0 1 0
28 31 27 21 31 33 29 39 25 28 28 30 36 43 0
0 0 1 0 1 0 0 0 0 1 0 0 0 0 0
1 0 0 0 0 0 0 0 1 1 0 0 0 0 0
2 1 0 0 1 2 1 1 0 3 1 1 0 0 0
0 0 0 0 1 0 0 0 1 0 0 0 0 1 0
0 3 0 0 2 1 2 2 1 0 0 3 2 1 0
2 1 1 0 1 0 1 0 1 1 1 0 0 1 0
0 0 0 0 0 0 0 0 0 0 0 0 0 0 0
1 0 0 0 0 0 0 0 0 0 0 0 0 0 0
0 0 0 0 1 5 1 4 10 0 0 0 1 1 0
0 0 0 0 0 0 0 0 0 0 0 0 0 0 0
0 0 0 0 1 0 0 0 1 2 0 0 0 0 0
0 0 0 0 0 1 0 0 1 0 1 0 0 0 0
0 0 0 0 0 0 1 0 0 1 1 0 0 0 0
0 0 0 0 0 0 0 1 0 0 0 0 0 0 0
6 9 12 16 8 9 12 12 17 15 9 6 10 9 0
8 5 4 5 8 7 6 13 4 1 5 10 10 7 0
11 9 3 2 5 11 10 25 7 5 2 3 7 5 0
0 0 0 0 0 0 0 0 0 0 0 0 0 0 0
0 1 0 0 2 1 0 1 1 0 0 0 2 2 0
4 3 2 2 0 2 0 2 3 0 1 2 3 4 0
0 0 1 0 0 1 0 0 1 0 1 1 0 0 0
0 0 0 0 0 0 0 0 0 0 0 0 0 0 0
1 0 1 1 1 0 0 0 0 1 0 0 0 0 0
0 2 0 0 0 0 0 0 0 0 0 1 1 0 0
0 0 0 1 1 0 1 2 0 0 0 2 0 1 0
0 0 0 0 0 0 0 0 0 0 0 0 1 0 0
0 0 0 0 0 0 0 0 0 0 0 0 0 0 0
1 0 0 3 4 0 1 4 3 0 0 3 2 1 0
0 0 0 0 0 0 0 0 0 1 1 0 0 0 0
2 1 0 2 3 2 2 1 0 0 1 1 3 1 0
0 0 0 0 0 3 1 1 2 0 1 0 1 1 0
1 0 0 1 0 1 0 1 1 2 0 1 1 0 0
2 4 0 8 3 0 2 4 2 2 2 4 3 3 0
1 1 1 0 1 1 0 1 1 1 0 1 1 1 0
0 0 0 0 0 1 0 0 0 0 0 0 1 0 0
1 0 0 0 0 0 0 0 0 0 0 0 0 0 0
0 0 0 0 0 0 0 0 0 0 0 0 0 0 0
0 0 0 0 0 0 0 0 0 0 0 0 1 0 0
0 0 0 0 0 0 1 0 0 0 0 0 0 0 0
1 0 0 0 0 0 0 0 0 0 0 2 2 0 0
7 6 8 8 4 2 3 2 2 6 1 2 0 5 0
1 2 0 2 3 0 1 3 0 1 1 0 1 3 0
0 6 1 1 0 1 1 0 1 1 1 0 2 0 0
4 3 5 3 3 3 3 6 6 6 4 2 1 3 0
0 0 1 0 0 2 1 0 1 0 0 0 0 0 0
2 8 7 6 3 1 3 2 1 1 5 5 9 3 0
0 0 0 0 0 1 0 0 0 1 0 0 0 0 0
3 3 44 3 2 8 5 3 9 4 2 3 6 1 0
10 12 12 6 11 13 11 26 20 14 20 24 31 21 0
0 0 1 0 0 1 0 0 0 0 0 0 0 0 0
4 3 2 2 0 1 3 0 2 0 0 0 0 1 0
0 0 1 0 0 1 1 0 2 0 0 0 0 0 0
1 4 6 3 6 0 7 3 4 3 7 8 11 8 0
1 1 2 0 0 0 1 1 0 0 2 1 0 0 0
0 0 1 0 0 0 0 0 0 0 0 0 0 0 0
4 16 6 5 10 29 11 23 4 10 17 14 8 10 0
27 40 20 33 21 48 26 35 39 29 16 41 40 51 0
0 0 0 0 0 0 0 4 0 8 0 4 0 4 0
0 0 0 0 0 0 0 4 0 8 0 4 0 4 0
0 0 0 0 0 0 0 4 0 8 0 4 0 4 0
0 0 0 0 0 0 0 4 0 8 0 4 0 4 0
0 0 0 0 0 0 0 4 0 8 0 4 0 4 0
0 0 0 0 0 0 0 4 0 8 0 4 0 4 0
0 0 0 0 0 0 0 4 0 8 0 4 0 4 0
0 0 0 0 0 0 0 4 0 8 0 4 0 4 0
0 0 0 0 0 0 0 4 0 8 0 4 0 4 0
0 0 0 0 0 0 0 4 0 8 0 4 0 4 0
0 0 0 0 0 0 0 4 0 8 0 4 0 4 0
0 0 0 0 0 0 0 4 0 8 0 4 0 4 0
0 0 0 0 0 0 0 4 0 8 0 4 0 4 0
0 0 0 0 0 0 0 4 0 8 0 4 0 4 0
0 0 0 0 0 0 0 4 0 8 0 4 0 4 0
0 0 0 0 0 0 0 4 0 8 0 4 0 4 0
0 0 0 0 0 0 0 4 0 8 0 4 0 4 0
0 0 0 0 0 0 0 4 0 8 0 4 0 4 0
0 0 0 0 0 0 0 4 0 8 0 4 0 4 0
4 0 0 0 0 0 0 0 0 0 0 4 4 0 0
4 0 0 0 0 0 0 0 0 0 0 8 4 0 0
4 0 0 0 0 0 0 0 0 0 0 4 4 0 0
4 0 0 0 0 0 0 0 0 0 0 4 3 0 0
4 0 0 0 0 0 0 0 0 0 0 4 3 0 0
4 0 0 0 0 0 0 0 0 0 0 4 3 0 0
4 0 0 0 0 0 0 0 0 0 0 4 4 0 0
4 0 0 0 0 0 0 0 0 0 0 4 3 0 0
6 0 0 0 0 0 0 0 0 0 0 4 2 0 0
4 0 0 0 0 0 0 0 0 0 0 4 3 0 0
4 0 0 0 0 0 0 0 0 0 0 4 3 0 0
10 7 8 9 7 7 14 7 7 6 5 3 4 3 0
0 0 4 0 0 0 0 0 0 12 4 12 0 4 0
0 0 4 0 0 0 0 0 0 11 4 12 0 4 0
0 0 4 0 0 0 0 0 0 8 0 12 0 4 0
0 0 4 0 0 0 0 0 0 8 0 12 0 4 0
0 0 4 0 0 0 0 0 0 12 4 12 0 4 0
0 0 4 0 0 0 0 0 0 12 4 12 0 4 0
0 0 4 0 0 0 0 0 0 8 0 12 0 4 0
0 0 4 0 0 0 0 0 0 12 4 12 0 4 0
0 0 4 0 0 0 0 0 0 8 0 12 0 4 0
0 0 4 0 0 0 0 0 0 7 0 12 0 4 0
0 0 0 0 0 0 0 0 0 0 0 0 0 0 0
0 0 0 0 0 0 0 0 0 0 0 0 0 0 0
49 50 22 26 33 45 44 48 24 1 1 31 52 68 0
0 0 0 0 0 0 0 0 0 0 0 0 0 0 0
0 12 0 0 0 0 0 0 0 0 0 0 0 0 0
0 0 0 0 0 0 0 13 0 0 0 0 0 0 0
0 0 4 0 0 0 0 0 0 8 0 12 0 4 0
0 13 0 0 0 0 0 1 0 0 0 0 0 0 0
0 0 0 0 0 0 0 0 0 0 0 0 0 0 0
10 0 10 0 0 0 0 0 0 10 0 0 10 0 0
0 0 0 3 2 1 0 1 0 0 0 2 0 1 0
0 0 0 0 0 0 0 0 0 0 4 5 0 1 0
0 11 0 0 0 0 0 0 0 0 0 0 0 0 0
0 0 0 0 0 0 0 0 13 0 0 0 0 0 0
0 0 0 0 0 0 0 15 0 0 0 0 0 0 0
0 0 0 0 0 0 0 0 0 0 0 0 0 0 0
0 0 0 0 0 0 0 0 0 0 0 0 0 0 0
1 0 0 0 0 0 0 0 0 0 2 0 0 0 0
0 0 0 0 0 0 0 0 0 0 0 0 0 0 0
0 0 0 0 0 0 0 0 0 0 0 0 0 0 0
0 1 0 0 0 0 0 0 0 0 5 4 0 1 0
0 1 0 0 0 0 0 0 0 0 4 3 0 1 0
30 0 0 0 0 0 0 0 0 0 0 0 0 0 0
0 0 0 0 0 0 0 0 0 0 0 0 0 0 0
0 0 0 0 0 0 0 0 0 0 0 0 0 0 0
0 0 0 0 0 0 0 0 0 0 0 0 0 0 0
4 0 0 0 0 0 0 0 0 0 0 4 4 0 0
0 0 0 0 0 0 0 0 0 0 0 0 0 0 0
0 0 0 0 0 15 0 1 0 0 0 0 0 0 0
0 0 0 0 0 0 0 0 0 0 0 0 0 0 0
0 0 0 0 0 0 0 0 0 0 0 0 0 0 0
0 0 0 0 0 20 15 15 15 13 13 0 0 0 0
0 13 0 0 0 0 0 0 0 0 13 0 0 0 0
0 0 0 0 13 0 0 0 0 0 0 0 0 0 0
0 0 0 0 0 0 0 14 1 0 0 0 0 0 0
0 0 0 0 0 0 0 0 0 0 0 1 0 0 0
17 0 0 3 0 4 0 0 13 9 0 16 5 0 0
0 0 7 2 2 1 0 1 0 0 1 2 0 3 0
0 0 0 0 0 20 15 15 15 13 13 0 0 0 0
0 0 0 0 0 0 0 0 0 0 0 0 0 0 0
0 0 0 0 0 0 0 0 0 0 0 0 0 0 0
0 0 4 0 0 0 0 0 0 8 0 12 0 4 0
0 0 4 0 0 0 0 0 0 7 0 12 0 4 0
0 0 4 0 0 0 0 0 0 8 0 12 0 4 0
16 0 0 3 0 4 0 0 12 9 0 16 5 0 0
0 0 0 0 0 0 0 0 0 0 0 5 0 0 0
0 0 4 0 0 0 0 0 0 8 0 12 0 4 0
0 0 0 0 0 20 15 15 15 13 13 0 0 0 0
16 0 0 3 0 4 0 0 12 9 0 16 5 0 0
0 0 0 0 0 0 0 0 0 0 0 0 0 0 0
0 0 4 0 0 0 0 0 0 8 0 12 0 4 0
0 7 14 12 0 32 29 22 36 29 22 20 22 31 0
16 0 0 3 0 4 0 0 12 9 0 16 5 0 0
10 0 10 0 0 0 0 0 0 10 0 0 10 0 0
9 5 2 13 17 6 20 15 18 20 16 12 11 19 0
10 0 10 0 0 0 0 0 0 10 0 0 10 0 0
0 0 4 0 0 0 0 0 0 7 0 12 0 4 0
0 0 0 0 0 5 5 15 15 13 13 0 0 0 0
0 0 0 0 0 20 15 14 15 12 13 0 0 0 0
4 0 0 0 0 0 0 0 0 0 0 4 3 0 0
0 3 0 0 0 0 0 0 0 0 0 0 0 12 0
70 56 39 57 32 61 70 43 64 51 80 51 23 43 0
0 0 0 0 0 0 0 0 0 0 0 0 0 0 0
0 0 4 0 0 0 0 0 0 8 0 12 0 4 0
0 0 0 0 0 20 15 15 15 13 13 0 0 0 0
0 20 10 5 15 0 10 0 10 0 0 16 8 12 0
0 0 0 0 0 20 15 15 15 13 13 0 0 0 0
27 29 36 14 15 32 23 53 61 52 25 5 28 29 0
0 0 0 0 0 20 15 15 15 13 13 0 0 0 0
0 0 0 0 0 0 0 0 0 0 0 0 0 0 0
0 0 0 0 0 11 1 0 0 0 0 0 0 0 0
0 0 0 0 0 20 15 15 15 13 13 0 0 0 0
16 0 0 3 0 4 0 0 12 9 0 16 5 0 0
16 0 0 0 0 16 0 0 12 9 0 16 16 15 0
10 0 10 0 0 0 0 0 0 10 0 0 10 0 0
0 0 0 0 0 0 0 0 0 14 0 0 0 0 0
0 0 0 3 1 1 0 1 0 0 0 2 0 0 0
0 0 0 0 0 0 0 0 0 0 5 3 0 0 0
0 0 0 0 0 0 0 4 0 8 0 4 0 4 0
0 0 4 0 0 0 0 0 0 12 4 12 0 4 0
6 33 21 21 10 1 18 10 3 11 19 3 18 34 0
16 0 0 0 0 18 0 0 12 9 0 16 16 15 0
0 0 0 0 13 0 0 0 0 0 4 0 0 0 0
0 0 0 0 0 0 0 0 0 0 0 0 0 0 0
0 12 0 0 0 0 0 0 0 0 14 0 0 0 0
0 14 0 0 0 0 0 0 0 0 12 0 0 1 0
16 0 0 0 0 16 0 0 12 9 0 16 16 15 0
0 0 3 3 0 0 0 0 1 0 12 8 6 0 0
0 0 0 0 0 0 0 0 0 0 0 0 0 0 0
16 0 0 3 0 4 0 0 12 9 0 16 5 0 0
8 1 0 0 0 25 36 42 55 51 32 10 1 0 0
0 1 0 0 0 0 0 0 0 0 0 0 0 11 0
0 0 0 0 0 0 0 0 0 0 0 0 0 0 0
36 62 47 20 18 7 0 5 61 22 7 9 59 2 0
0 0 0 0 0 0 0 0 0 0 0 0 0 0 0
15 19 13 20 10 17 13 21 24 49 40 27 17 19 0
16 0 0 0 0 16 0 0 12 9 0 16 16 16 0
0 2 0 1 0 0 0 0 0 0 2 4 0 6 0
0 0 4 0 0 0 0 0 0 8 0 12 0 4 0
0 0 0 0 0 0 0 0 0 0 0 0 0 0 0
16 0 0 3 0 4 0 0 12 9 0 16 5 0 0
0 0 0 0 0 0 0 0 0 0 0 0 0 0 0
0 0 0 0 0 0 0 10 0 0 0 0 0 0 0
0 1 0 0 0 0 0 3 0 0 0 5 0 2 0
0 0 0 0 0 0 0 14 0 0 0 0 0 0 0
16 0 0 3 0 4 0 0 12 9 0 16 5 0 0
0 0 0 0 0 0 0 0 0 0 0 0 0 0 0
0 0 3 3 0 0 0 0 0 0 12 8 4 0 0
0 0 0 0 0 0 0 0 0 0 1 3 4 9 0
0 0 0 0 0 0 0 0 0 0 0 0 0 0 0
4 0 0 0 0 0 0 0 0 0 0 4 4 0 0
0 0 0 0 1 0 0 0 0 0 0 0 0 0 0
16 0 0 3 0 4 0 0 12 9 0 16 5 0 0
0 0 0 1 0 0 0 1 1 3 0 1 0 1 0
0 1 0 0 0 0 0 0 0 0 5 4 0 1 0
0 0 0 0 0 0 0 0 0 0 0 0 0 0 0
0 0 0 0 0 0 0 0 0 0 0 0 0 0 0
0 0 0 0 0 0 0 0 0 0 0 0 0 0 0
0 0 0 0 0 0 13 0 0 0 0 0 0 0 0
0 0 0 0 0 0 0 4 0 8 0 4 0 4 0
0 0 0 0 0 0 0 0 0 0 0 1 0 0 0
0 0 0 0 0 0 0 0 0 0 0 0 0 0 0
0 0 0 0 0 0 0 11 0 3 0 0 0 0 0
0 14 0 0 0 0 0 0 0 0 12 0 0 0 0
0 0 4 0 0 0 0 0 0 12 4 12 0 4 0
0 0 0 0 0 0 0 0 0 0 0 1 0 0 0
0 12 0 0 0 0 0 0 0 0 15 0 0 0 0
0 0 3 0 0 0 0 0 0 0 0 0 0 0 0
1 0 0 0 0 0 0 0 0 0 2 0 0 0 0
0 0 0 0 0 0 0 0 0 0 0 0 0 0 0
0 0 0 0 0 0 0 0 0 0 0 0 0 0 0
0 0 0 3 2 1 0 1 0 0 0 2 0 1 0
0 0 0 0 0 0 0 0 0 0 0 0 0 0 0
0 0 0 0 0 1 1 0 0 0 0 0 0 0 0
0 0 0 0 0 0 0 4 0 8 0 4 0 4 0
0 0 0 0 0 0 0 0 10 0 0 0 0 0 0
0 0 0 0 0 20 15 15 15 13 13 0 0 0 0
0 0 0 0 0 0 0 0 0 0 0 0 0 0 0
0 0 0 0 0 0 0 11 0 2 1 0 0 0 0
0 0 0 0 0 0 0 0 0 0 0 0 0 0 0
0 0 3 3 0 0 0 0 0 0 12 8 4 0 0
0 14 0 0 0 0 0 0 0 0 0 0 0 0 0
0 1 0 0 0 1 1 0 0 0 0 1 0 0 0
0 0 0 0 0 0 0 0 0 0 0 0 0 0 0
0 0 0 0 0 0 0 0 0 0 0 0 0 0 0
0 0 4 0 0 0 0 0 0 7 0 12 0 4 0
0 1 0 0 0 1 1 0 0 0 0 1 0 0 0
0 0 0 0 0 0 0 0 0 0 0 0 0 0 0
0 0 4 0 0 0 0 0 0 7 0 12 0 4 0
0 0 0 0 0 0 0 0 0 0 0 0 0 0 0
0 0 0 0 0 0 0 0 0 0 0 0 0 0 0
0 0 3 3 0 0 1 0 0 0 12 8 4 0 0
0 0 0 0 0 0 0 0 0 0 0 0 0 0 0
0 0 0 0 0 0 0 0 0 0 0 15 0 0 0
0 0 3 3 0 0 0 0 0 0 12 8 4 0 0
0 0 0 0 0 20 15 15 15 13 13 0 0 0 0
0 0 0 0 0 0 0 0 0 0 0 0 0 0 0
0 0 0 0 0 0 0 0 0 0 0 0 0 0 0
10 5 7 3 12 10 70 25 32 32 17 12 18 15 0
0 0 0 0 0 0 0 0 0 0 6 0 0 1 0
0 0 0 0 0 0 0 0 0 0 0 0 0 0 0
0 0 0 0 0 0 0 0 0 0 0 0 0 0 0
0 0 0 0 0 0 0 4 0 8 0 4 0 4 0
0 0 3 3 0 0 0 0 0 0 12 8 4 0 0
0 0 0 0 0 0 0 0 0 0 0 0 0 0 0
0 0 0 0 0 0 0 0 0 0 0 0 0 0 0
0 0 4 0 0 0 0 0 0 12 4 12 0 4 0
0 0 3 3 0 0 0 0 0 0 12 8 4 0 0
0 0 3 3 0 0 0 0 0 0 12 8 4 0 0
0 0 3 3 0 0 0 0 0 0 12 8 4 0 0
0 0 0 0 0 0 0 0 0 0 0 0 0 0 0
0 0 0 0 0 0 0 0 0 0 0 0 0 0 0
0 0 3 3 0 0 0 0 0 0 12 8 4 0 0
0 0 0 0 0 0 0 4 0 8 0 4 0 4 0
0 0 4 0 0 0 0 0 0 8 0 12 0 4 0
0 0 3 3 0 0 0 0 0 0 12 8 4 0 0
0 0 0 0 0 0 0 4 0 8 0 4 0 4 0
0 0 0 0 0 0 0 4 0 8 0 4 0 4 0
0 0 3 3 0 0 1 0 0 0 12 8 4 0 0
0 0 3 3 0 0 0 0 0 0 12 8 4 0 0
0 0 0 0 0 0 0 0 0 0 0 0 0 0 0
0 0 3 3 0 0 0 0 0 0 12 8 4 0 0
0 0 3 3 0 0 0 0 0 0 12 8 4 0 0
0 0 3 3 0 0 0 0 0 0 12 8 4 0 0
0 0 0 0 0 0 0 4 0 8 0 4 0 4 0
0 0 0 0 0 0 0 0 0 0 0 0 0 0 0
0 0 3 3 0 0 0 0 0 0 12 8 4 0 0
0 0 3 3 0 0 0 0 0 0 12 8 4 0 0
39 3 1 1 3 14 29 21 16 55 29 12 30 27 0
0 0 4 0 0 0 0 0 0 12 4 12 0 4 0
0 13 0 0 0 0 0 0 0 0 0 0 0 0 0
0 0 0 0 0 0 0 0 0 0 0 1 0 0 0
0 0 3 3 0 0 0 0 0 0 12 8 4 0 0
0 12 0 0 0 0 0 0 0 0 0 0 0 0 0
0 0 3 3 0 0 0 0 0 0 12 8 4 0 0
0 0 3 3 0 0 0 0 0 0 12 8 5 0 0
0 0 4 0 0 0 0 0 0 8 0 12 0 4 0
0 0 0 0 0 0 0 4 0 8 0 4 0 4 0
0 0 3 3 0 0 0 0 0 0 12 8 4 0 0
0 0 4 0 0 0 0 0 0 12 4 12 0 4 0
0 0 3 3 0 0 0 0 0 0 12 8 4 0 0
0 2 0 0 0 0 0 0 0 0 0 0 0 13 0
0 0 4 0 0 0 0 0 0 12 4 12 0 4 0
0 0 3 3 0 0 0 0 0 0 12 8 4 0 0
4 0 0 0 0 0 0 0 0 0 0 4 4 0 0
0 0 4 0 0 0 0 0 0 12 4 12 0 4 0
0 0 3 3 0 0 0 0 0 0 12 8 4 0 0
0 0 4 0 0 0 0 0 0 12 4 12 0 4 0
4 0 0 0 0 0 0 0 0 0 0 4 4 0 0
0 0 4 0 0 0 0 0 0 8 0 12 0 4 0
0 0 4 0 0 0 0 0 0 8 0 12 0 4 0
0 0 4 0 0 0 0 0 0 8 0 12 0 4 0
