7.0000000000 0.0000000000 3 2 0 0 0 1 174 59 75
63.2666666667 1.6000000000 90 21 60 29 24 1 5074 4198 31448
7.1428571429 0.0000000000 14 2 0 4 2 1 256 157 203
1.0000000000 0.0000000000 1 0 1 0 0 1 77 94 1
101.0000000000 0.0000000000 1 1 0 0 0 0 90 1 38
nan nan 0 0 0 0 0 1 37 562 4
14.8461538462 0.6153846154 13 0 1 0 0 1 326 1657 5757
nan nan 0 0 0 0 0 0 81 1 5
nan nan 0 0 0 0 0 1 72 4 15
19.5555555556 0.0370370370 27 11 0 0 0 1 113 4 152
21.3589743590 0.9743589744 39 1 0 0 0 1 51 38 109
11.3333333333 0.0303030303 33 18 0 0 0 1 810 280 553
11.5806451613 0.0000000000 31 15 0 0 0 0 34 78 1025
48.0000000000 0.2857142857 7 7 0 2 9 1 172 47 71
31.8571428571 1.8571428571 14 2 1 1 0 1 301 1051 12939
nan nan 0 0 0 0 0 1 14 2 2
8.0000000000 0.0000000000 29 13 0 0 0 1 32 52 722
9.1379310345 0.3103448276 58 0 13 0 0 0 80 20316 2661
4.0000000000 0.0000000000 2 0 0 0 0 1 219 19 179
28.6470588235 0.3529411765 17 3 0 0 11 1 530 252 644
18.8066666667 0.4133333333 150 2 0 0 2 1 435 513 137345
6.0000000000 0.0000000000 2 0 0 0 0 1 292 106 320
18.4117647059 0.1764705882 34 18 0 0 0 1 147 21 91
10.7948717949 0.0256410256 39 16 0 0 0 1 922 123 720
42.4615384615 0.3076923077 13 9 3 4 2 0 555 169 3056
nan nan 0 0 0 0 0 1 118 5 14
51.4000000000 0.0000000000 5 4 0 0 1 0 71 49 165
nan nan 0 0 0 0 0 1 1500 33994 12473
90.6666666667 0.6666666667 3 1 0 0 0 1 21 2 12
4.0000000000 0.0000000000 1 0 0 0 0 1 455 648 1
8.7674418605 0.4069767442 344 0 6 0 4 0 169 40 4688
nan nan 0 0 0 0 0 0 0 0 0
20.6666666667 0.2592592593 27 10 4 29 18 0 147 180 490
22.5789473684 0.0526315789 19 6 0 0 1 0 309 171 930
10.8181818182 0.0000000000 11 3 0 0 0 0 73 4 42
4.0000000000 0.0000000000 1 0 0 0 0 0 41 31 10
nan nan 0 0 0 0 0 0 10 1 5
19.1818181818 0.0227272727 44 20 0 1 0 1 2384 414 1245
5.3761467890 0.0183486239 109 1 0 0 0 1 192 59 1005
11.3000000000 0.3000000000 10 0 0 0 0 0 74 48 2092
22.9523809524 0.1666666667 84 36 2 42 68 0 401 156 868
14.0212765957 0.3404255319 47 2 3 0 10 1 20000 1942 9100
nan nan 0 0 0 0 0 0 0 0 0
15.3333333333 0.2500000000 24 7 1 1 3 0 204 1527 42820
nan nan 0 0 0 0 0 1 13 1 1
4.0000000000 0.0000000000 28 0 0 0 0 1 394 198 7030
11.8000000000 0.0000000000 10 6 0 0 1 0 612 468 962
28.3333333333 0.2083333333 24 16 0 0 6 1 230 223 775
4.9705882353 0.0294117647 34 0 0 0 0 1 179 43 1432
5.0000000000 0.0000000000 13 2 0 0 0 0 75 41 721
15.2400000000 0.4800000000 25 1 0 0 0 1 132 33 75
4.0000000000 0.0000000000 10 0 0 0 0 0 108 1 23
14.2812500000 0.0312500000 32 16 0 0 0 1 92 72 301
55.2631578947 0.0000000000 38 36 0 0 1 1 1474 544 407
4.0000000000 0.0000000000 8 0 0 0 0 0 0 0 0
27.1150442478 0.1238938053 113 12 0 11 5 1 1141 339 1828
7.5803571429 0.1964285714 112 0 2 0 53 1 1791 2468 74193
46.0571428571 0.0857142857 35 9 3 0 1 1 108 78 699
28.7107438017 0.2727272727 121 7 6 3 0 1 178 474 31444
36.0000000000 0.0869565217 23 14 1 8 7 0 223 118 436
82.0000000000 0.0000000000 1 1 0 0 0 0 251 81 84
9.4871794872 0.2820512821 39 0 0 2 1 0 382 159 1243
nan nan 0 0 0 0 0 1 75 5 90
70.8888888889 0.5138888889 144 90 77 66 102 1 3610 17318 20358
3.2000000000 0.0000000000 5 0 0 0 0 1 80 12 17
13.8750000000 0.5000000000 8 0 0 0 0 0 95 1 23
nan nan 0 0 0 0 0 1 187 52 66
67.9444444444 5.2986111111 144 5 5 2 20 0 988 407 883
150.8571428571 7.7142857143 7 0 3 0 3 1 230 2238 1287
30.0000000000 1.0000000000 1 0 0 0 0 1 222 53 148
4.2291666667 0.0208333333 144 0 0 0 0 0 101 35 577
18.0296296296 0.0148148148 135 116 8 22 152 0 386 409 2755
nan nan 0 0 0 0 0 1 133 167 236
123.3559322034 0.9322033898 59 7 777 262 686 1 2422 393826 23326
nan nan 0 0 0 0 0 0 135 1 62
53.8666666667 0.4666666667 15 14 0 1 0 0 225 409 4277
19.0000000000 0.0000000000 4 4 0 0 0 0 130 55 78
15.1428571429 0.0000000000 7 4 0 9 3 0 725 723 1924
73.6666666667 0.3333333333 3 3 0 0 0 1 76 1705 1014
80.3888888889 0.0000000000 18 18 1 0 18 1 170 30102 726
12.8723404255 0.2127659574 47 0 16 3 0 0 293 234 1698
8.0740740741 0.2592592593 27 2 0 0 1 1 529 104 760
24.8750000000 0.0000000000 8 3 0 0 0 1 611 184 654
9.7058823529 0.1176470588 17 3 0 3 0 1 581 384 1014
nan nan 0 0 0 0 0 0 243 280 380
42.6470588235 0.0588235294 17 6 55 15 24 1 1129 19513 10479
6.4166666667 0.2500000000 12 0 0 0 0 1 188 108 166
33.0000000000 0.0000000000 1 1 0 0 1 0 135 348 4644
62.5000000000 0.0000000000 4 3 0 1 1 0 461 713 786
12.3125000000 0.0000000000 16 5 0 0 0 1 122 6 50
9.8857142857 0.0285714286 35 7 1 5 2 0 1740 414 7009
nan nan 0 0 0 0 0 1 381 811 2181
nan nan 0 0 0 0 0 0 71 23 57
63.0000000000 0.0000000000 1 1 0 0 0 0 60 37 119
63.0000000000 0.0000000000 1 1 0 0 0 0 73 21 195
46.5000000000 0.0000000000 2 1 0 0 0 0 272 60 338
7.2372881356 0.1186440678 59 1 0 0 0 1 372 171 908
nan nan 0 0 0 0 0 1 139 1 1
22.3333333333 0.0000000000 3 3 0 0 0 1 344 211 570
32.7500000000 0.0000000000 4 4 0 1 2 0 96 25 104
91.9130434783 1.4782608696 23 9 3 4 6 0 203 100679 162
33.8000000000 0.1000000000 10 9 0 0 0 0 132 36 45
nan nan 0 0 0 0 0 0 132 68 644
67.4000000000 0.1000000000 10 7 0 2 18 0 386 198 610
6.8421052632 0.0350877193 114 4 13 0 0 0 116 145 1457
nan nan 0 0 0 0 0 0 29 20 20
88.4121212121 5.8424242424 330 26 702 334 828 1 16124 221050 17066
nan nan 0 0 0 0 0 1 97 12 62
nan nan 0 0 0 0 0 0 87 37 414
6.3333333333 0.0000000000 3 1 0 4 1 1 207 23 661
63.0000000000 0.0000000000 1 1 0 0 0 0 170 65 209
nan nan 0 0 0 0 0 0 45 1 1
3.5714285714 0.0000000000 7 0 0 0 0 1 86 6 29
51.0728476821 0.1721854305 151 74 0 0 1 0 138 75 2201
5.3636363636 0.0000000000 11 1 0 0 10 1 410 312 502
29.4545454545 0.0000000000 11 6 2 4 20 1 174 85 353
nan nan 0 0 0 0 0 0 105 29 5
4.8750000000 0.0312500000 32 0 0 0 0 1 152 23 714
nan nan 0 0 0 0 0 1 10 1 0
10.8888888889 0.3333333333 9 1 0 0 0 1 436 196 261
nan nan 0 0 0 0 0 1 67 9 18
13.8333333333 0.0000000000 6 1 0 0 0 0 189 464 2410
4.0000000000 0.0000000000 65 0 0 0 0 0 2320 653 28005
nan nan 0 0 0 0 0 1 64 52 6
17.0000000000 0.0000000000 1 0 0 0 0 1 123 119 636
4.0000000000 0.0000000000 12 0 0 0 0 1 386 153 8588
7.2500000000 0.1428571429 112 0 0 1 1 1 2293 545 17756
nan nan 0 0 0 0 0 1 109 11 46
16.5312500000 0.0000000000 32 6 0 0 0 1 190 56 296
9.4000000000 0.0000000000 10 3 0 0 2 1 20 596 5228
8.0129032258 0.0774193548 155 24 9 0 5 0 12863 8319 32827
13.0000000000 0.0000000000 10 6 0 0 4 0 350 258 1969
72.9844961240 1.4031007752 129 24 1294 164 30 0 202 120 3164
12.5905511811 0.0157480315 127 12 1 25 16 0 47 21 410
nan nan 0 0 0 0 0 0 101 94 66
nan nan 0 0 0 0 0 0 26 1 4
14.0384615385 0.0384615385 26 10 0 0 0 1 289 38 81
30.5000000000 0.2500000000 4 0 0 0 0 1 17 13 23
24.7777777778 0.6587301587 126 20 1 24 34 0 2470 612 14883
1.0000000000 0.0000000000 1 1 0 0 1 1 179 62 41
20.7500000000 0.5000000000 8 0 0 0 0 1 103 356 2967
4.0000000000 0.0000000000 1 0 0 0 0 0 12 1 32
nan nan 0 0 0 0 0 1 53 18 12
19.4736842105 0.1052631579 19 1 0 0 0 0 50 104 252
9.6400000000 0.0400000000 25 11 0 0 0 1 557 162 1141
21.6666666667 0.3500000000 60 5 0 0 2 0 478 203 4177
36.3500000000 0.5500000000 20 0 0 0 0 1 80 3 102
17.0000000000 0.0000000000 2 0 1 0 0 0 70 358 393
4.3333333333 0.0370370370 27 0 0 0 0 0 378 320 3675
4.0000000000 0.0000000000 4 0 0 0 1 1 1486 582 779
6.7318840580 0.0217391304 138 0 0 0 0 1 357 179 4555
27.0701754386 0.4912280702 57 8 57 35 50 0 2196 55669 82616
17.1250000000 0.3750000000 8 2 0 0 0 0 30 1 23
44.8852459016 2.3442622951 61 3 6 7 1 0 246 406 8999
24.2352941176 0.0588235294 17 14 6 0 11 1 98 22 76
nan nan 0 0 0 0 0 0 276 127 50250
68.8235294118 0.1176470588 17 11 0 1 2 1 335 386 1787
15.3333333333 0.0000000000 6 5 0 1 12 0 368 183 1531
76.5000000000 2.0000000000 2 2 0 1 2 0 977 153 216
nan nan 0 0 0 0 0 1 67 29 2
11.3500000000 0.1500000000 20 4 0 1 1 1 270 116 595
nan nan 0 0 0 0 0 1 109 28 66
16.9687500000 0.0000000000 32 17 0 0 4 1 58 88 85
15.2500000000 0.0000000000 20 8 0 0 0 0 67 82 607
nan nan 0 0 0 0 0 0 20 1 1
nan nan 0 0 0 0 0 0 0 0 0
17.8965517241 0.4137931034 29 7 0 2 1 0 610 138 3074
20.7037037037 0.0000000000 27 13 0 0 0 0 41 53 145
6.5909090909 0.2272727273 22 0 0 0 0 1 24 10 760
17.8333333333 0.0000000000 6 5 0 0 1 1 318 129 290
8.5384615385 0.0000000000 13 5 0 0 0 1 50 7 31
23.0000000000 0.3953488372 43 12 1 0 2 1 364 14 203
13.6557377049 0.0327868852 61 36 0 0 0 0 237 85 277
52.6666666667 0.1666666667 6 5 0 4 0 0 20 20 16
21.6614173228 0.3307086614 127 33 4 55 79 0 345 201 884
37.4444444444 0.0000000000 18 14 0 0 0 1 247 38 120
25.6333333333 0.1000000000 30 12 0 9 3 1 453 6 744
nan nan 0 0 0 0 0 1 113 29 36
7.0000000000 0.0000000000 1 1 0 0 3 1 55 96 27
41.7633136095 0.0236686391 169 140 0 1 0 1 1921 226 2417
6.9469026549 0.2389380531 226 2 0 0 0 1 341 169 5420
19.1904761905 0.1904761905 21 4 0 0 0 0 33 1984 88
37.3333333333 0.0000000000 6 5 0 0 0 0 491 200 721
15.6769230769 0.0769230769 65 8 1 0 1 1 108 53 3146
22.3611111111 0.0000000000 36 21 0 0 0 1 129 113 624
3.6666666667 0.0000000000 3 0 0 0 0 0 61 85 433
31.1304347826 0.4782608696 23 12 1 4 12 1 254 67 250
43.1764705882 0.5882352941 51 24 0 2 2 0 431 265 2998
34.9666666667 1.4666666667 30 0 0 2 0 0 202 720 1958
25.4186046512 0.0465116279 43 15 2 15 25 0 398 2060 1056
4.0000000000 0.0000000000 2 0 0 0 0 1 83 117 198
26.0000000000 1.5000000000 2 0 0 0 0 1 174 55 182
24.0000000000 0.0000000000 2 2 0 0 0 1 560 247 324
nan nan 0 0 0 0 0 0 55 5 23
152.6250000000 0.0000000000 8 8 0 0 7 1 60 48 17
nan nan 0 0 0 0 0 1 88 11 37
22.5937500000 0.1562500000 32 18 1 1 1 0 635 215 1618
14.7272727273 0.0000000000 11 2 0 0 0 0 41 3 25
21.5000000000 2.0000000000 2 0 0 0 0 0 161 164 201
18.8292682927 0.0000000000 41 16 0 0 27 0 58 69 141
nan nan 0 0 0 0 0 0 16 2 4
17.5416666667 0.0208333333 48 24 0 0 4 0 736 1064 3859
37.0000000000 0.0000000000 10 7 0 0 7 0 51 5 46
4.0000000000 0.0000000000 1 0 0 0 0 1 75 58 102
9.4615384615 0.1538461538 130 4 0 2 4 1 851 422 6703
nan nan 0 0 0 0 0 0 258 426 9651
15.9902912621 0.2330097087 103 3 0 0 0 1 277 82 518
nan nan 0 0 0 0 0 0 0 0 0
nan nan 0 0 0 0 0 1 99 15 42
4.0000000000 0.0000000000 11 0 0 0 0 0 108 3 27
nan nan 0 0 0 0 0 0 0 0 0
nan nan 0 0 0 0 0 1 117 14 5
4.0000000000 0.0000000000 6 0 0 0 0 0 104 3 17
22.5142857143 0.0571428571 35 20 0 0 8 0 970 161 697
10.4444444444 0.0000000000 9 1 0 0 2 1 57 147 567
39.6363636364 0.0000000000 11 8 0 0 0 0 107 6 41
3.8461538462 0.0000000000 13 0 0 0 0 0 381 90 1464
nan nan 0 0 0 0 0 0 100 10 1
0.0000000000 0.0000000000 4 0 0 0 0 0 142 30 259
22.0000000000 0.3529411765 68 9 0 0 1 0 786 146 244
52.7166666667 2.5500000000 60 15 26 11 27 1 234 181 345
11.2222222222 0.0000000000 9 4 0 0 0 0 75 18 32
50.0000000000 2.6666666667 6 0 0 0 1 0 285 424 843
35.1250000000 0.1250000000 8 5 0 0 0 1 585 21 122
64.6666666667 0.3333333333 3 2 0 0 0 1 281 102 329
nan nan 0 0 0 0 0 1 37 8 4
nan nan 0 0 0 0 0 1 350 171 13
17.4285714286 0.0000000000 14 14 0 0 12 0 220 320 186
62.8095238095 0.0952380952 21 11 0 0 0 1 64 47 49
9.3506493506 0.2207792208 154 4 2 0 4 0 538 504 7284
4.0000000000 0.0000000000 1 0 0 0 0 1 145 25 19
42.4000000000 0.6000000000 5 3 0 0 1 1 70 53 235
nan nan 0 0 0 0 0 0 20 1 39
11.4871794872 0.0256410256 39 14 0 0 0 0 208 48 195
23.8846153846 0.0000000000 26 11 0 0 0 1 116 27 177
13.5000000000 0.1470588235 34 20 0 0 1 1 353 89 210
32.1742424242 0.9090909091 132 4 0 3 5 0 544 303 7705
39.3333333333 0.0000000000 3 2 0 0 1 1 1968 2241 8131
5.1000000000 0.1000000000 10 0 0 0 0 0 555 133 1235
18.0000000000 0.0000000000 1 0 0 0 0 0 527 672 70
5.1111111111 0.5555555556 18 0 0 1 0 0 537 207 1479
15.4239130435 0.2500000000 92 4 3 0 7 0 0 0 0
nan nan 0 0 0 0 0 1 142 485 72
33.5000000000 0.5000000000 2 2 0 0 0 1 493 450 1141
10.9272727273 0.0000000000 55 29 0 8 1 0 1326 675 1447
29.7333333333 0.0666666667 15 8 0 0 1 0 249 118 413
nan nan 0 0 0 0 0 1 159 7 165
17.5740740741 0.2592592593 54 20 0 0 1 0 424 287 2444
8.2142857143 0.0000000000 14 1 0 0 0 1 135 5 51
39.5454545455 0.2727272727 11 7 0 20 41 0 156 106 295
nan nan 0 0 0 0 0 1 82 5 31
16.9032258065 0.0000000000 31 6 0 0 0 1 822 146 289
17.4347826087 0.2608695652 23 8 2 1 2 0 80 41 208
17.5151515152 0.0606060606 33 5 0 0 0 0 159 77 1224
63.0000000000 0.0000000000 1 1 0 0 0 0 70 5 16
63.0000000000 0.0000000000 1 1 0 0 0 1 64 5 35
38.0612244898 0.0000000000 49 28 0 0 0 0 1073 206 565
13.3793103448 0.0000000000 29 15 0 0 0 1 231 5 95
9.8333333333 0.0000000000 6 3 0 0 0 1 314 15 251
11.3750000000 0.0000000000 16 2 0 0 0 1 441 133 624
22.5000000000 0.0000000000 6 3 0 0 0 1 39 15 40
21.3600000000 0.0000000000 25 23 4 13 77 1 106 164 666
nan nan 0 0 0 0 0 0 17 2 4
nan nan 0 0 0 0 0 0 75 1 18
nan nan 0 0 0 0 0 1 5 1 1
nan nan 0 0 0 0 0 1 8 7 5
5.0232558140 0.0232558140 86 0 0 0 0 1 451 140 1883
41.0000000000 0.0000000000 1 1 0 0 0 1 212 19 4
19.0769230769 0.0769230769 13 8 0 2 3 0 38 124 146
4.0000000000 0.0000000000 9 0 0 0 0 0 105 3 23
nan nan 0 0 0 0 0 0 384 198 788
nan nan 0 0 0 0 0 1 1285 258 47
6.8571428571 0.0714285714 14 4 0 9 15 1 2203 562 1103
46.0000000000 0.3529411765 17 2 0 0 0 0 58 32 39
nan nan 0 0 0 0 0 1 147 146 240
52.5555555556 0.0000000000 9 6 1 0 0 1 42 81 49
nan nan 0 0 0 0 0 0 0 0 0
14.2500000000 0.0833333333 12 3 0 2 1 1 189 101 140
25.7000000000 0.1000000000 10 3 0 0 2 1 425 550 384
52.5000000000 0.0000000000 4 4 0 0 0 0 16 12 18
27.0277777778 0.1388888889 36 24 0 7 9 0 274 198 623
32.0000000000 0.2121212121 33 16 15 14 6 0 715 450 5968
30.5000000000 0.0714285714 14 6 0 0 0 0 37 65 12
nan nan 0 0 0 0 0 1 8 1 0
24.7692307692 0.0000000000 13 7 0 0 0 1 14 40 12
4.8260869565 0.0000000000 46 2 0 0 0 1 96 20 216
nan nan 0 0 0 0 0 1 14 1 2
14.2352941176 0.0000000000 17 10 0 0 0 0 136 42 41
11.6923076923 0.0000000000 13 3 0 0 0 1 61 3 39
8.0000000000 1.0000000000 1 0 0 0 0 0 422 8 0
16.0000000000 0.0000000000 5 2 0 0 0 0 81 47 525
nan nan 0 0 0 0 0 1 49 8 5
7.2649006623 0.1059602649 151 1 0 1 5 1 2204 3219 27009
31.4545454545 0.0909090909 11 10 0 15 20 0 205 102 134
8.0810810811 0.0540540541 37 29 0 0 14 1 184 373 1762
53.0714285714 0.4642857143 28 9 0 0 0 0 785 343 629
20.3437500000 0.1562500000 32 12 0 0 1 0 94 80 214
27.7307692308 0.0000000000 26 14 0 2 0 0 157 68 158
15.8000000000 0.0000000000 10 2 0 0 0 0 73 4 29
7.7500000000 0.0000000000 8 0 0 0 0 0 281 87 410
54.0000000000 0.2500000000 4 4 0 0 0 1 124 17 772
78.8000000000 0.2000000000 5 5 0 0 0 0 59 41 192
19.3125000000 0.0625000000 16 6 0 0 0 0 56 71 239
44.5789473684 0.2105263158 19 11 0 0 1 1 1141 1812 4624
13.1428571429 0.0000000000 28 17 0 0 0 1 71 26 168
34.0000000000 0.0000000000 1 1 0 0 0 1 23 1 11
nan nan 0 0 0 0 0 1 19 1 1
91.8095238095 0.0000000000 21 21 0 2 21 1 1199 29678 1563
5.7142857143 0.0000000000 7 7 0 0 1 0 37 126 114
8.0000000000 0.0000000000 2 1 0 0 0 1 76 4 40
nan nan 0 0 0 0 0 1 185 7 3
16.9411764706 0.4117647059 17 4 0 0 0 0 123 9 68
nan nan 0 0 0 0 0 1 651 1034 1823
nan nan 0 0 0 0 0 0 0 0 0
9.5923076923 0.2384615385 130 0 0 0 1 1 958 262 10712
27.9631901840 0.1042944785 163 81 2 0 2 0 474 103 3909
29.0357142857 0.1071428571 28 16 0 0 0 1 130 12 55
18.7272727273 0.0909090909 11 8 0 1 5 1 212 205 896
nan nan 0 0 0 0 0 0 47 14 4
15.2993197279 0.0816326531 147 33 0 0 1 1 85 96 712
16.0119047619 0.1190476190 84 31 6 2 0 0 553 157 254
nan nan 0 0 0 0 0 1 252 96 16947
nan nan 0 0 0 0 0 1 92 4 5
5.2142857143 0.0714285714 14 0 0 0 0 1 343 61 2289
5.3125000000 0.1093750000 64 0 0 0 0 1 408 65 5877
13.0727272727 0.0363636364 55 2 2 1 7 1 2128 5850 33208
nan nan 0 0 0 0 0 1 137 421 1
42.3333333333 0.0000000000 3 3 0 0 1 1 12 2 5
14.2000000000 0.4000000000 15 0 2 1 1 1 1557 246 2528
11.3333333333 0.0526315789 57 21 0 0 3 0 889 255 1177
5.5555555556 0.0277777778 108 4 0 2 1 0 136 27 1442
7.1578947368 0.0000000000 19 7 0 0 0 0 68 13 44
30.1176470588 0.0392156863 51 37 0 23 1 0 240 20 120
15.6165413534 0.2932330827 133 5 0 8 4 0 101 269 8221
82.0000000000 0.0000000000 2 1 0 0 0 0 165 114 446
8.6500000000 0.1000000000 20 2 0 4 2 1 167 19 723
6.4400000000 0.0000000000 25 5 0 0 0 0 83 7 139
21.5555555556 0.1111111111 18 10 0 8 7 1 289 120 589
4.0833333333 0.0000000000 60 0 0 0 0 0 260 71 3683
10.2500000000 0.0000000000 8 1 0 2 6 1 73 119 38
6.7500000000 0.0000000000 4 1 0 0 0 1 160 56 126
36.6363636364 0.5454545455 22 1 0 0 0 0 25 44 871
nan nan 0 0 0 0 0 1 262 246 370
13.8636363636 0.0000000000 22 8 0 0 0 1 87 9 56
18.3274336283 0.3982300885 113 1 9 10 2 1 161 647 3983
14.5000000000 0.5000000000 2 1 0 0 0 1 173 21 3
nan nan 0 0 0 0 0 1 123 1 1
31.2857142857 0.4285714286 7 2 4 0 0 0 147 44 125
45.0000000000 0.0000000000 2 1 0 0 0 1 198 73 174
4.1000000000 0.0000000000 10 0 0 1 2 1 78 48 197
21.0000000000 0.0000000000 16 16 0 11 9 0 315 962 3153
17.3965517241 0.2931034483 58 4 2 2 3 1 236 496 7661
nan nan 0 0 0 0 0 0 252 97 165
41.6666666667 0.0000000000 9 6 0 0 0 1 57 24 73
nan nan 0 0 0 0 0 1 43 1 6
nan nan 0 0 0 0 0 1 95 74 46
11.3333333333 0.3333333333 3 1 0 0 2 1 205 225 697
nan nan 0 0 0 0 0 1 90 9 28
8.2444444444 0.1111111111 45 9 0 7 1 1 82 6500 1013
19.5675675676 0.0540540541 37 22 0 0 2 1 20 27 89
13.3333333333 0.3939393939 33 16 0 0 0 1 1071 43 1919
30.4000000000 0.0000000000 5 3 0 0 0 0 168 204 629
15.2812500000 0.0000000000 32 18 0 0 0 1 151 42 178
28.2307692308 0.0000000000 13 9 0 10 3 0 75 1384 7520
14.8846153846 0.8461538462 26 2 2 6 1 0 377 74 837
nan nan 0 0 0 0 0 0 37 45 74
12.3333333333 0.3333333333 6 1 0 3 0 0 345 493 1732
4.0000000000 0.0000000000 2 0 0 0 0 1 316 43 87
60.6326530612 0.4081632653 49 25 0 2 28 0 184 85 1287
13.6666666667 0.0000000000 9 3 0 0 0 0 105 2 53
4.0000000000 0.0000000000 5 0 0 0 0 0 45 30 198
56.3333333333 0.0000000000 3 3 0 1 1 1 59 13820 14
nan nan 0 0 0 0 0 0 95 10 60
14.8333333333 0.0000000000 6 2 0 0 0 1 5 12 27
nan nan 0 0 0 0 0 1 39 8 18
10.5000000000 0.0000000000 12 7 0 0 0 0 47 50 75
16.6666666667 0.1666666667 6 3 1 15 14 1 517 917 408
30.2580645161 0.2258064516 62 9 0 0 0 1 1237 2330 4199
33.6666666667 0.0000000000 30 16 0 1 1 0 169 11 156
21.2916666667 0.0833333333 24 10 0 0 0 1 17 105 14
7.8208955224 0.1044776119 67 11 2 3 2 0 307 2 151
33.5000000000 0.0000000000 2 1 0 0 0 1 71 74 9
4.5416666667 0.0000000000 24 12 0 0 0 1 137 53 110
19.7500000000 0.0000000000 4 2 0 0 0 1 120 22 48
nan nan 0 0 0 0 0 0 96 30 163
29.0000000000 0.0000000000 1 1 0 0 0 0 161 0 4
nan nan 0 0 0 0 0 1 51 3 18
14.8490566038 0.4905660377 53 3 0 6 1 0 360 92 2959
31.0000000000 0.0000000000 1 1 0 1 0 1 1399 2769 3948
9.0336134454 0.0420168067 119 12 0 4 0 0 481 127 3684
37.7586206897 0.7183908046 174 19 21 2 26 1 99 89620 7888
22.5000000000 0.5000000000 2 0 0 0 0 1 50 1 9
nan nan 0 0 0 0 0 1 66 2 4
119.0000000000 0.0000000000 1 1 0 0 0 0 23 11 10
49.7068965517 0.1551724138 58 23 6 8 11 0 89 240 2337
31.0000000000 0.0000000000 1 1 0 0 2 1 103 104 402
18.0740740741 0.0925925926 54 30 0 0 0 1 587 118 442
38.0000000000 0.0000000000 7 5 0 0 0 1 271 23 335
45.1818181818 0.0000000000 11 9 0 0 5 0 168 544 200
nan nan 0 0 0 0 0 1 55 16 3
16.6101694915 0.0847457627 59 21 0 0 0 1 92 112 676
14.0952380952 0.0952380952 21 3 0 0 0 1 310 127 479
4.0000000000 0.0000000000 2 0 0 0 0 1 79 42 14
9.4444444444 0.2777777778 18 4 0 1 9 0 1493 227 302
4.0000000000 0.0000000000 9 0 0 0 0 0 0 0 0
35.9069767442 0.0697674419 43 37 0 0 4 1 29 4 109
17.3333333333 0.0000000000 3 0 0 0 0 1 279 84 193
11.1875000000 0.3125000000 32 0 0 0 0 1 75 10 596
4.0000000000 0.0000000000 12 0 0 0 0 0 111 3 24
4.5000000000 0.0000000000 8 4 0 0 0 1 113 67 22
4.0000000000 0.0000000000 5 0 0 0 0 0 56 7 62
3.6250000000 0.0000000000 8 4 0 0 0 1 343 65 82
19.5000000000 0.0000000000 12 7 0 0 0 0 240 70 108
8.1150442478 0.0973451327 113 16 0 0 1 0 607 11 610
nan nan 0 0 0 0 0 0 151 90 6
4.0000000000 0.0000000000 1 0 0 0 0 1 590 256 858
4.0000000000 0.0000000000 7 0 0 0 0 0 104 4 21
17.3333333333 0.0000000000 6 6 0 11 7 1 108 210 88
8.3571428571 0.0238095238 42 15 0 0 0 0 342 174 769
13.3529411765 0.2352941176 34 14 0 12 2 1 415 467 1334
nan nan 0 0 0 0 0 0 0 0 0
4.3636363636 0.0227272727 44 0 0 5 2 1 355 69 680
11.1612903226 0.0000000000 31 17 0 0 0 0 361 41 408
25.8000000000 0.0000000000 5 1 0 0 0 0 117 25 171
15.7500000000 0.0000000000 8 4 0 1 0 1 268 697 1293
4.0000000000 0.0000000000 12 1 0 0 0 0 162 98 481
4.0000000000 0.0000000000 5 0 0 0 0 0 297 83 1148
37.0923076923 0.5230769231 65 24 1 0 0 0 181 200 5682
65.0000000000 1.0000000000 1 1 0 0 1 1 2 3 4
10.8750000000 0.2500000000 16 0 0 0 1 1 191 56 796
nan nan 0 0 0 0 0 0 156 35 31
4.0000000000 0.0000000000 23 0 0 0 0 0 384 109 1195
4.0000000000 0.0000000000 1 0 0 0 0 0 168 45 133
4.0000000000 0.0000000000 1 0 0 0 0 0 442 188 598
nan nan 0 0 0 0 0 0 870 197 207
nan nan 0 0 0 0 0 1 61 39 14
14.4117647059 0.0000000000 17 3 0 0 0 1 157 98 329
11.5000000000 0.0000000000 10 3 0 0 0 0 13 7 32
4.0000000000 0.0000000000 4 0 0 0 0 0 2274 343 2540
15.1250000000 0.8750000000 8 3 1 4 90 0 397 595 362
9.0322580645 0.2258064516 31 1 0 0 2 1 273 260 5304
9.1538461538 0.1538461538 13 2 0 1 2 0 899 185 2954
21.8000000000 0.0000000000 20 13 0 0 0 0 107 15 166
5.8333333333 0.0000000000 12 0 0 0 0 0 21 92 1705
nan nan 0 0 0 0 0 0 381 203 2998
21.0909090909 0.3636363636 22 3 0 26 21 0 94 45 111
24.0000000000 0.0000000000 10 5 1 1 0 0 97 59 84
14.4262295082 0.0000000000 61 24 0 1 4 1 570 237 2513
13.6250000000 0.1875000000 16 6 0 0 0 0 72 6 41
4.3081761006 0.0125786164 159 1 0 0 0 1 626 215 3727
10.8695652174 0.0000000000 23 11 0 1 1 0 64 31 68
8.5000000000 0.0416666667 24 1 0 0 0 1 155 93 126
6.5000000000 0.0000000000 22 11 0 0 5 0 478 495 715
8.0000000000 1.0000000000 1 0 0 0 0 1 32 93 27
10.5625000000 0.0000000000 16 3 0 0 1 0 343 164 622
19.0000000000 0.0000000000 1 1 0 0 0 1 27 53 70
22.4444444444 0.1111111111 9 5 0 10 3 1 91 444 46
4.0000000000 0.0000000000 7 0 0 0 0 0 0 0 0
3.5000000000 0.0000000000 6 1 0 0 0 1 82 9 18
13.4782608696 0.0434782609 23 11 0 0 0 1 329 37 84
4.0000000000 0.0000000000 2 0 0 0 0 0 142 34 1088
nan nan 0 0 0 0 0 1 113 11 6
9.3645833333 0.1666666667 96 10 0 2 6 0 273 117 1351
36.8000000000 0.0000000000 5 2 0 0 1 0 131 50 198
nan nan 0 0 0 0 0 1 86 2 6
22.6363636364 0.0000000000 11 4 0 0 1 0 167 215 29
nan nan 0 0 0 0 0 0 104 7 18
30.3333333333 0.0000000000 9 8 0 6 3 0 558 81 709
2.6666666667 0.0000000000 3 0 0 0 0 1 93 16 40
nan nan 0 0 0 0 0 0 17 4 4
nan nan 0 0 0 0 0 1 23 2 8
nan nan 0 0 0 0 0 1 93 11 45
38.0833333333 0.0000000000 60 46 0 0 0 0 39 30 216
18.3181818182 0.0681818182 44 14 0 0 0 1 333 114 326
4.0000000000 0.0000000000 8 0 0 0 0 1 169 28 186
8.2500000000 0.1250000000 8 1 0 5 2 1 86 120 492
nan nan 0 0 0 0 0 1 166 18 188
49.5000000000 1.1666666667 6 4 0 51 6 1 231 318 200
19.5172413793 0.1724137931 29 7 0 0 4 1 63 201 621
10.5925925926 0.0370370370 27 10 0 0 0 0 85 55 61
31.3750000000 0.3750000000 8 3 0 21 26 1 773 1595 2165
15.5200000000 0.0800000000 25 12 0 39 7 0 346 717 658
nan nan 0 0 0 0 0 0 4 3 204
10.1818181818 0.0909090909 11 5 1 11 8 1 247 110 1198
68.3333333333 0.0000000000 9 7 0 0 0 1 315 111 2387
26.7500000000 0.0000000000 4 2 0 5 13 1 837 1704 2405
nan nan 0 0 0 0 0 0 171 10 303
12.0645161290 0.0000000000 31 18 0 0 6 1 141 8 187
24.7000000000 0.0000000000 10 6 0 0 0 1 92 154 921
22.8333333333 0.0000000000 24 8 0 0 16 1 302 159 245
nan nan 0 0 0 0 0 0 0 0 0
19.7083333333 0.0000000000 24 6 0 0 0 0 375 148 340
nan nan 0 0 0 0 0 0 299 97 122
4.0000000000 0.0000000000 3 0 0 0 0 1 199 34 105
38.8000000000 0.0000000000 5 3 0 0 0 1 81 2 25
6.4074074074 0.0000000000 27 14 0 0 0 0 31 68 96
nan nan 0 0 0 0 0 1 71 31 37
64.1290322581 0.0000000000 31 18 0 0 4 1 821 239 755
nan nan 0 0 0 0 0 1 336 54 611
nan nan 0 0 0 0 0 0 448 193 10
27.0857142857 0.0000000000 35 22 0 0 0 0 627 101 195
18.0000000000 0.0000000000 6 6 0 7 5 0 278 74 355
4.0000000000 0.0000000000 7 0 0 0 0 0 109 4 20
7.9761904762 0.1428571429 42 1 0 0 0 0 109 33 434
33.5294117647 0.0392156863 153 103 4 0 0 0 1015 838 12323
4.0000000000 0.0000000000 6 0 0 0 0 0 103 3 24
8.5000000000 0.0000000000 4 2 0 1 0 1 23 22 70
4.0000000000 0.0000000000 3 0 0 0 1 0 602 130 307
4.0000000000 0.0000000000 9 0 0 0 0 0 123 5 22
43.6000000000 0.0000000000 5 5 0 0 0 0 116 272 1157
22.5000000000 0.0000000000 4 2 0 0 1 1 285 48 50
7.6000000000 0.2000000000 5 0 0 0 1 1 13 50 530
4.1176470588 0.0588235294 17 0 0 0 0 1 517 388 6247
7.9230769231 0.1538461538 13 0 0 0 0 1 195 87 136
4.0000000000 0.0000000000 8 0 0 0 0 0 0 0 0
20.8800000000 0.0800000000 25 6 1 1 1 0 99 82 567
4.0000000000 0.0000000000 7 0 0 0 0 0 105 4 21
63.1739130435 0.5652173913 23 12 0 8 5 0 159 155 869
4.0000000000 0.0000000000 9 0 0 0 0 0 0 0 0
4.0000000000 0.0000000000 10 0 0 0 0 0 100 2 17
4.1290322581 0.0322580645 31 0 0 0 0 1 87 38 600
4.0000000000 0.0000000000 6 0 0 0 0 0 0 0 0
4.0000000000 0.0000000000 11 0 0 0 0 0 111 2 26
9.0416666667 0.0416666667 24 3 1 1 0 1 259 137 1406
4.0000000000 0.0000000000 10 0 0 0 0 0 0 0 0
47.1612903226 2.0483870968 124 5 1 19 129 1 449 47 17914
15.4883720930 0.5116279070 43 3 0 0 1 0 2792 659 2951
nan nan 0 0 0 0 0 1 1205 250 3446
4.0000000000 0.0000000000 1 0 0 0 0 1 30 5 8
7.5000000000 0.0000000000 2 1 0 0 7 1 809 303 69
4.0000000000 0.0000000000 8 0 0 0 0 0 101 3 23
22.0000000000 0.0769230769 13 2 0 0 2 0 143 135 1611
49.0540540541 2.3783783784 37 5 1 3 0 0 261 172 1811
4.0000000000 0.0000000000 8 0 0 0 0 1 1266 545 1034
15.4705882353 0.0588235294 17 3 0 0 0 1 298 78 299
63.6363636364 0.7878787879 33 0 0 0 0 0 1191 160 3841
4.0000000000 0.0000000000 6 0 0 0 0 0 94 3 16
4.0000000000 0.0000000000 1 0 0 0 0 0 73 5 22
6.6071428571 0.0357142857 28 1 0 0 1 0 331 70 809
4.0000000000 0.0000000000 9 0 0 0 0 0 0 0 0
19.7454545455 0.3272727273 55 3 2 0 2 0 562 120 1662
16.5312500000 0.0937500000 32 14 0 1 3 1 123 230 56
18.7272727273 0.0909090909 11 3 0 2 5 0 454 22066 1339
25.0434782609 0.3913043478 23 0 0 0 0 0 27 53 5289
50.3333333333 2.6666666667 3 0 0 0 0 1 204 112 114
12.4133333333 0.2400000000 75 13 1 2 6 0 570 116 303
9.1000000000 0.1000000000 10 2 0 2 1 1 136 17 13
nan nan 0 0 0 0 0 1 20 1 1
49.1785714286 0.8928571429 28 7 1 1 11 1 765 371 1443
nan nan 0 0 0 0 0 1 164 45 15
4.0000000000 0.0000000000 3 0 0 0 0 1 78 6 13
4.0000000000 0.0000000000 2 0 0 0 0 1 115 28 44
4.5000000000 0.0000000000 2 2 0 0 0 0 35 33 130
17.1250000000 0.2500000000 8 2 0 0 0 0 78 30 166
5.3571428571 0.0000000000 14 0 0 0 0 0 184 104 132
11.3043478261 0.0000000000 23 4 0 1 2 0 298 84 1093
4.0000000000 0.0000000000 10 0 0 0 0 0 166 1 20
3.0000000000 0.0000000000 4 0 0 0 0 1 920 660 1193
34.6111111111 0.8888888889 18 3 1 2 3 0 115 664 14957
134.0000000000 4.0000000000 1 0 29 0 0 0 686 1593 4695
16.4166666667 0.3333333333 24 2 0 10 9 1 111 115 536
4.0000000000 0.0000000000 11 0 0 0 0 0 116 2 25
18.3333333333 1.1666666667 6 0 0 0 0 1 135 140 1769
9.3513513514 0.0270270270 37 12 0 0 0 1 279 205 253
4.0000000000 0.0000000000 2 0 0 0 0 0 263 2 96
13.1250000000 0.0000000000 8 2 0 0 1 0 413 154 575
26.9550561798 0.0786516854 89 25 0 0 5 1 67 158 1771
15.1333333333 0.6666666667 15 1 0 0 0 0 156 48 369
27.1000000000 0.5666666667 30 11 0 14 9 0 409 695 5287
40.6597938144 0.0721649485 97 20 1 0 1 1 102 11 203
21.5000000000 0.5000000000 2 2 0 0 0 1 122 86 89
26.1666666667 0.1666666667 24 10 0 0 2 0 438 123 149
4.6785714286 0.1785714286 28 1 0 0 0 0 2081 280 2305
102.0000000000 0.0000000000 1 1 0 0 0 0 272 229 121
18.3750000000 0.2500000000 8 3 0 2 0 1 58 16 6
4.8750000000 0.0000000000 8 0 0 0 0 1 155 76 59
15.8947368421 0.4210526316 38 22 0 18 75 0 158 134 198
111.3703703704 0.0740740741 27 21 0 1 1 0 195 105 280
nan nan 0 0 0 0 0 1 176 23 93
12.6341463415 0.0731707317 41 2 0 0 0 1 102 50 146
17.0000000000 0.1666666667 6 5 0 0 0 1 238 71 50
24.0476190476 0.0952380952 21 16 0 0 0 1 98 1879 6311
17.2727272727 0.1363636364 22 2 0 0 1 0 104 6890 4029
15.9166666667 0.0833333333 12 2 0 0 0 1 147 37 117
32.2745098039 0.9411764706 51 19 11 111 63 1 640 754 342
21.4000000000 0.4400000000 25 3 0 0 0 0 557 141 364
4.0000000000 0.0000000000 2 0 0 0 0 1 136 7 69
5.3000000000 0.0000000000 10 1 0 0 0 1 566 148 351
nan nan 0 0 0 0 0 0 0 0 0
8.6000000000 0.0000000000 5 4 0 0 0 1 97 9 273
19.5625000000 0.5625000000 16 9 0 2 0 1 109 5 142
13.2000000000 0.3500000000 40 5 0 2 2 1 250 203 887
29.4117647059 1.7647058824 34 0 28 2 84 1 848 953 228
20.9285714286 0.3571428571 14 6 0 0 0 0 760 102 243
7.8823529412 0.1470588235 34 2 0 0 0 0 255 77 1808
54.0000000000 0.0000000000 1 1 0 0 1 0 988 233 382
4.2068965517 0.0344827586 29 0 0 0 0 1 198 74 1685
16.5000000000 0.3333333333 6 5 0 1 1 0 212 33 25
55.3333333333 3.6666666667 3 2 0 0 5 0 112 61 41
16.6666666667 0.0000000000 3 3 0 5 2 0 535 329 1465
4.2857142857 0.0000000000 14 0 0 0 0 0 1135 554 4151
59.4848484848 0.0303030303 33 18 0 8 0 1 652 606 944
22.4444444444 0.0000000000 18 10 1 10 9 0 663 172 1206
26.5306122449 0.8163265306 49 5 28 23 14 0 1385 1406 36482
41.0000000000 0.0000000000 1 1 0 0 0 1 260 707 247
11.0000000000 0.2500000000 4 1 0 0 0 1 59 26 61
37.0000000000 0.4000000000 5 0 0 0 0 1 206 140 1724
4.0000000000 0.0000000000 2 0 0 0 0 1 58 51 297
4.0000000000 0.0000000000 1 0 0 0 0 0 57 37 167
nan nan 0 0 0 0 0 1 24 57 22
3.8888888889 0.0000000000 9 0 0 0 1 1 1505 362 1792
10.9400000000 0.2800000000 50 3 0 0 0 0 216 382 1084
6.0000000000 0.0000000000 7 2 0 1 5 0 193 59 794
12.0000000000 0.3888888889 18 0 0 1 2 1 1088 970 2334
17.2727272727 0.4090909091 22 1 0 0 2 1 848 262 4205
52.8181818182 1.0000000000 11 3 0 10 0 1 268 362 830
27.8852459016 0.3114754098 61 2 0 1 0 1 1069 2338 17359
8.1590909091 0.2500000000 44 0 0 0 0 1 33 74 4882
15.3333333333 0.0000000000 3 1 0 1 1 0 161 134 107
28.1428571429 0.1428571429 7 3 0 0 0 1 95 236 242
44.0980392157 1.5686274510 51 0 0 2 2 0 576 156 3735
22.1935483871 0.6451612903 31 1 0 0 0 1 648 160 112
21.9354838710 1.3225806452 31 4 3 15 41 1 907 2882 3741
75.0270270270 4.0810810811 37 0 0 3 1 0 456 772 5066
11.4444444444 0.0000000000 9 2 0 0 0 0 107 39 436
53.8000000000 2.0000000000 5 2 1 1 2 0 227 347 1952
22.7500000000 0.8750000000 8 0 1 0 6 0 476 253 325
nan nan 0 0 0 0 0 0 462 268 42
4.0000000000 0.0000000000 1 0 0 0 0 1 313 35 35
3.5000000000 0.0000000000 2 0 0 2 0 1 400 245 611
37.0000000000 2.0000000000 1 0 1 0 2 0 277 183 190
37.8888888889 0.3333333333 9 5 0 2 1 0 396 378 5435
37.2000000000 1.6000000000 5 0 0 0 0 1 783 625 4210
37.1578947368 0.1052631579 19 3 0 0 2 1 132 213 692
nan nan 0 0 0 0 0 1 44 1 1
41.0000000000 0.0000000000 1 1 0 0 4 0 133 133 98
12.2121212121 0.5757575758 33 0 0 0 0 1 729 320 5970
43.6666666667 1.3333333333 3 2 0 0 2 0 362 270 299
29.6000000000 1.0000000000 5 2 0 2 0 0 315 585 117
20.8529411765 0.3529411765 34 7 0 0 0 1 750 179 756
68.2758620690 0.0862068966 58 53 247 80 65 1 316 4031 251
6.0000000000 0.0000000000 2 0 0 0 0 0 523 367 1061
26.0000000000 1.2857142857 7 3 0 1 1 1 150 92 96
6.3076923077 0.0000000000 13 2 0 0 1 1 373 117 96
23.5687500000 0.7250000000 160 23 12 65 39 0 257 108 1094
58.8064516129 0.0580645161 155 95 114 206 356 1 271 403 2344
23.8571428571 0.1428571429 7 6 0 4 19 0 162 229 598
4.0000000000 0.0000000000 32 0 0 0 0 1 3507 1743 44683
11.7333333333 0.1333333333 15 2 0 3 0 1 285 76 552
16.8496240602 0.0526315789 133 37 1 25 8 0 1791 1230 6240
4.6666666667 0.0625000000 48 0 0 0 0 1 32 39 669
12.0740740741 0.2222222222 27 1 0 0 2 0 0 0 0
nan nan 0 0 0 0 0 1 79 8 9
40.2810457516 1.0980392157 153 12 7 82 99 0 368 303 14038
4.4117647059 0.0196078431 51 0 0 0 0 1 424 153 193
nan nan 0 0 0 0 0 0 61 0 1
29.7272727273 1.5909090909 22 5 0 2 5 1 564 285 3046
58.4615384615 0.3076923077 13 8 2 32 21 0 452 595 199
58.5000000000 1.6562500000 32 1 0 0 0 1 252 114 184
17.7500000000 0.0357142857 28 11 19 48 141 1 216 504 1541
12.2500000000 0.2500000000 8 0 0 0 0 1 422 2945 12013
32.8974358974 0.2051282051 39 12 0 8 6 1 339 274 316
12.5000000000 0.1666666667 6 0 0 0 0 1 810 271 169
33.2948717949 0.1153846154 78 73 0 2 3 1 248 102 1378
8.4512195122 0.0853658537 82 0 0 0 0 0 406 69 2090
23.3032786885 0.2213114754 122 4 6 2 7 1 1836 2912 84699
nan nan 0 0 0 0 0 0 303 50 58
23.8780487805 0.5975609756 82 7 4 5 11 1 551 11523 4485
14.0833333333 0.3333333333 12 0 0 0 1 1 90 342 901
57.0000000000 0.0000000000 1 0 0 0 0 0 42 72 83
20.7515527950 0.4347826087 161 23 2 3 3 0 272 262 4971
18.7000000000 0.0000000000 10 2 0 0 1 1 659 123 218
43.4333333333 1.0111111111 90 26 1 110 61 0 119 90 287
50.2666666667 0.0222222222 90 73 11 25 30 0 185 4237 1653
19.4285714286 0.1428571429 7 4 0 8 7 1 231 254 968
87.2857142857 6.4285714286 7 0 0 2 0 1 1217 265 547
17.4782608696 0.7391304348 23 1 2 1 4 1 772 222 2585
12.1937500000 0.4000000000 160 0 1 1 1 1 880 287 16669
11.5714285714 0.1071428571 28 0 0 0 0 1 2910 252 4399
46.6164383562 1.9041095890 73 23 89 11 63 1 1227 2117 8812
50.5211267606 2.1690140845 71 10 12 73 17 1 883 1414 1787
10.9411764706 0.2352941176 17 4 0 7 10 0 580 3766 96
23.5925925926 0.3333333333 54 9 1 6 3 0 785 1304 1272
nan nan 0 0 0 0 0 1 1290 420 4827
14.7857142857 0.5000000000 14 1 0 0 0 0 536 344 2116
17.0000000000 0.0833333333 12 2 1 0 1 1 953 4933 9402
29.8627450980 0.0980392157 51 0 1 3 4 1 2211 1100 9303
101.4206896552 3.3103448276 145 0 1562 36 38 0 3159 30473 2696
54.0000000000 0.1666666667 12 10 0 11 5 1 809 138 3117
nan nan 0 0 0 0 0 1 68 22 32
13.3333333333 0.3333333333 3 0 0 0 1 1 477 800 1755
4.2968750000 0.0000000000 64 1 1 0 1 0 477 483 7934
nan nan 0 0 0 0 0 1 90 5 23
5.0089285714 0.0089285714 112 0 0 0 2 1 344 142 6136
4.0000000000 0.0000000000 21 0 0 0 0 1 1337 281 16771
9.3333333333 0.2500000000 12 0 0 0 0 1 307 26 64
33.0000000000 1.2500000000 4 0 0 0 0 1 129 91 523
48.9298245614 0.2719298246 114 27 3 12 12 0 2897 94602 21018
18.8251748252 0.4965034965 143 1 76 26 58 0 173 72462 26169
nan nan 0 0 0 0 0 1 979 345 622
56.8571428571 0.0000000000 7 7 0 0 0 0 88 102 2343
5.3548387097 0.0967741935 31 0 0 0 0 0 1378 210 1950
4.0000000000 0.0000000000 6 0 0 0 0 1 87 59 17
19.5544554455 0.5544554455 101 3 4 0 3 1 174 321 16068
4.0000000000 0.0000000000 16 0 0 0 0 1 161 208 37576
27.2040816327 0.2653061224 49 15 0 1 3 1 3539 6162 6411
34.4370370370 0.0296296296 135 32 0 6 1 0 917 3120 10056
8.1363636364 0.1818181818 44 4 1 1 1 1 815 200 2437
14.7500000000 0.0000000000 4 4 0 4 1 1 163 200 28
8.4146341463 0.1219512195 41 4 0 3 0 0 485 207 9288
8.4818181818 0.1090909091 110 2 0 3 1 1 72 186 4081
68.0000000000 0.5000000000 6 2 0 1 0 0 242 425 1443
12.3809523810 0.0952380952 21 8 0 0 0 1 201 114 415
60.3471074380 2.0991735537 121 41 1 65 26 0 330 3396 548
7.5714285714 0.1428571429 21 0 0 0 1 1 251 94 575
23.2881355932 0.8813559322 59 9 0 5 15 0 2225 1783 3255
17.1111111111 0.2222222222 9 0 1 6 1 1 367 216 313
4.0000000000 0.0000000000 2 0 0 0 2 0 649 781 143
12.3255813953 0.1627906977 86 35 2 3 3 1 286 1479 6441
9.2000000000 0.2000000000 5 0 0 0 1 1 536 3886 1094
22.9761904762 0.1666666667 42 20 1 26 30 1 667 427 3108
80.2857142857 4.2589285714 112 0 169 4 17 1 4445 4532 33664
8.7142857143 0.2857142857 7 0 0 2 3 0 884 112 1258
12.5454545455 0.0000000000 22 6 0 0 0 1 87 181 558
25.7619047619 0.4285714286 21 7 4 27 9 1 565 190 2986
26.5277777778 0.3611111111 36 8 0 0 1 0 285 229 1122
7.9166666667 0.1666666667 12 0 0 0 1 1 201 163 213
65.0298507463 0.2089552239 134 52 132 1002 214 1 780 4477 6781
8.9186046512 0.1104651163 172 7 69 13 21 1 3864 20763 62033
23.5263157895 0.1578947368 19 8 0 18 35 0 375 461 641
46.0000000000 1.3333333333 9 3 0 4 1 0 259 256 6394
15.6000000000 0.5000000000 10 1 0 0 0 1 62 22 15
81.2000000000 2.1000000000 10 2 116 10 10 0 692 48414 10108
37.1250000000 0.2500000000 8 3 0 2 1 1 474 800 2500
27.1470588235 0.0392156863 102 49 0 19 8 1 181 1513 1432
nan nan 0 0 0 0 0 0 242 95 79
15.9090909091 0.1818181818 11 0 0 2 1 1 152 347 69
30.0000000000 0.4250000000 40 10 2 25 3 1 27 360 2325
21.2500000000 0.1000000000 20 0 0 0 2 0 275 89 111
4.0000000000 0.0000000000 1 0 0 0 0 1 204 28 200
8.7468354430 0.1518987342 79 0 1 0 2 1 789 2215 40523
25.3750000000 0.1250000000 8 1 1 1 0 0 714 1322 1467
31.8333333333 0.0000000000 6 0 0 0 2 0 346 183 401
8.4897959184 0.1632653061 98 0 0 0 0 1 418 102 539
nan nan 0 0 0 0 0 0 0 0 0
nan nan 0 0 0 0 0 0 0 0 0
62.3953488372 0.2093023256 43 24 6 73 40 1 12539 2957 2747
7.2692307692 0.0000000000 26 2 1 0 0 1 172 4374 4342
40.6969696970 1.3484848485 66 13 7 8 92 0 314 424 5345
29.5897435897 0.2564102564 78 49 2 2 4 0 315 6 55
38.6800000000 1.3200000000 50 0 0 0 1 0 1052 170 5970
27.6875000000 0.0000000000 16 11 0 13 6 1 924 404 2372
5.3333333333 0.0000000000 3 0 3 1 0 0 74 94 497
42.9266666667 1.3733333333 150 33 11 26 23 0 261 79 567
15.0540540541 0.1351351351 37 4 0 2 10 0 219 117 178
28.8000000000 0.6800000000 25 2 1 0 0 0 43 22 300
44.2058823529 1.1176470588 102 29 600 147 127 1 3144 18357 6691
42.2857142857 0.1309523810 84 31 2 33 22 0 281 596 2011
26.6666666667 1.5555555556 9 1 0 2 5 0 514 472 1084
nan nan 0 0 0 0 0 0 451 397 1524
nan nan 0 0 0 0 0 0 368 595 6259
nan nan 0 0 0 0 0 0 554 207 2466
nan nan 0 0 0 0 0 0 230 75 1747
nan nan 0 0 0 0 0 0 136 164 735
nan nan 0 0 0 0 0 0 160 144 260
nan nan 0 0 0 0 0 1 570 203 496
nan nan 0 0 0 0 0 1 7 2 4
nan nan 0 0 0 0 0 1 213 41 49
nan nan 0 0 0 0 0 0 748 316 103
nan nan 0 0 0 0 0 0 196 373 1854
nan nan 0 0 0 0 0 1 276 36 3806
nan nan 0 0 0 0 0 0 95 155 2283
nan nan 0 0 0 0 0 0 1552 1374 46549
nan nan 0 0 0 0 0 0 288 96 764
nan nan 0 0 0 0 0 1 134 66 349
nan nan 0 0 0 0 0 0 205 1010 131
nan nan 0 0 0 0 0 0 120 63 190
nan nan 0 0 0 0 0 0 266 97 166
nan nan 0 0 0 0 0 1 457 265 3313
nan nan 0 0 0 0 0 0 137 118 862
nan nan 0 0 0 0 0 0 64 20 882
nan nan 0 0 0 0 0 0 218 21 1682
nan nan 0 0 0 0 0 0 132 90 102
nan nan 0 0 0 0 0 0 84 310 2392
nan nan 0 0 0 0 0 0 245 142 17275
nan nan 0 0 0 0 0 0 120 42 1487
nan nan 0 0 0 0 0 0 336 109 398
nan nan 0 0 0 0 0 0 0 0 0
nan nan 0 0 0 0 0 0 193 180 339
nan nan 0 0 0 0 0 0 41 48 1125
nan nan 0 0 0 0 0 1 127 13 2011
nan nan 0 0 0 0 0 1 87 31 2317
nan nan 0 0 0 0 0 0 226 52 3009
nan nan 0 0 0 0 0 1 28 20 503
nan nan 0 0 0 0 0 1 438 470 3517
nan nan 0 0 0 0 0 0 517 112 203
nan nan 0 0 0 0 0 0 239 81 392
nan nan 0 0 0 0 0 1 5 27 1116
nan nan 0 0 0 0 0 0 130 83 542
nan nan 0 0 0 0 0 0 761 159 3369
nan nan 0 0 0 0 0 0 297 47 2450
nan nan 0 0 0 0 0 0 422 52 5929
nan nan 0 0 0 0 0 0 561 209 440
nan nan 0 0 0 0 0 0 308 105 406
nan nan 0 0 0 0 0 1 195 40 153
nan nan 0 0 0 0 0 0 145 2 6
nan nan 0 0 0 0 0 0 209 910 9372
nan nan 0 0 0 0 0 0 133 57 1835
nan nan 0 0 0 0 0 0 33 44 2633
nan nan 0 0 0 0 0 0 571 376 4524
nan nan 0 0 0 0 0 0 34 95 261
nan nan 0 0 0 0 0 1 166 108 1867
nan nan 0 0 0 0 0 0 91 21 15
nan nan 0 0 0 0 0 0 264 109 12932
nan nan 0 0 0 0 0 0 65 15 36
nan nan 0 0 0 0 0 0 129 27 110
nan nan 0 0 0 0 0 0 44 39 515
nan nan 0 0 0 0 0 0 371 50 614
nan nan 0 0 0 0 0 1 416 97 16217
nan nan 0 0 0 0 0 0 132 171 1482
nan nan 0 0 0 0 0 1 501 217 4809
nan nan 0 0 0 0 0 0 199 2358 132
nan nan 0 0 0 0 0 1 95 20 504
nan nan 0 0 0 0 0 1 841 918 4052
nan nan 0 0 0 0 0 1 251 113 132
nan nan 0 0 0 0 0 1 764 439 6566
nan nan 0 0 0 0 0 0 533 407 5754
nan nan 0 0 0 0 0 1 789 2484 1165
nan nan 0 0 0 0 0 0 349 75 633
nan nan 0 0 0 0 0 1 42 1 260
nan nan 0 0 0 0 0 1 382 231 6169
nan nan 0 0 0 0 0 0 2169 1076 2174
nan nan 0 0 0 0 0 0 97 64 360
nan nan 0 0 0 0 0 1 225 113 1459
nan nan 0 0 0 0 0 1 2013 943 8107
nan nan 0 0 0 0 0 0 578 218 5276
nan nan 0 0 0 0 0 1 568 247 677
nan nan 0 0 0 0 0 0 60 40 201
nan nan 0 0 0 0 0 0 307 163 2369
nan nan 0 0 0 0 0 1 142 45 118
nan nan 0 0 0 0 0 0 240 48 5562
nan nan 0 0 0 0 0 1 462 633 2000
nan nan 0 0 0 0 0 0 123 90 102
nan nan 0 0 0 0 0 0 122 12 79
nan nan 0 0 0 0 0 0 258 48 3337
nan nan 0 0 0 0 0 0 345 197 1098
nan nan 0 0 0 0 0 0 0 0 0
nan nan 0 0 0 0 0 0 57 31 27
nan nan 0 0 0 0 0 0 390 274 1018
nan nan 0 0 0 0 0 0 305 70 959
nan nan 0 0 0 0 0 0 507 100 264
nan nan 0 0 0 0 0 0 132 64 418
nan nan 0 0 0 0 0 0 390 255 1285
nan nan 0 0 0 0 0 0 180 292 4196
nan nan 0 0 0 0 0 1 490 430 3956
nan nan 0 0 0 0 0 1 181 112 666
nan nan 0 0 0 0 0 0 240 47 1525
nan nan 0 0 0 0 0 1 58 9 10
nan nan 0 0 0 0 0 1 79 592 38
nan nan 0 0 0 0 0 0 72 36 92
nan nan 0 0 0 0 0 0 228 272 16727
nan nan 0 0 0 0 0 0 591 115 10711
nan nan 0 0 0 0 0 0 2001 2491 6318
nan nan 0 0 0 0 0 0 241 37 199
nan nan 0 0 0 0 0 1 643 8642 26215
nan nan 0 0 0 0 0 1 525 121 911
nan nan 0 0 0 0 0 0 225 25 47
nan nan 0 0 0 0 0 0 0 0 0
nan nan 0 0 0 0 0 0 165 302 10914
nan nan 0 0 0 0 0 0 405 26 307
nan nan 0 0 0 0 0 0 273 498 840
nan nan 0 0 0 0 0 0 145 145 667
nan nan 0 0 0 0 0 1 414 136 2456
nan nan 0 0 0 0 0 0 770 235 3819
nan nan 0 0 0 0 0 1 24 1 34
nan nan 0 0 0 0 0 0 491 77 8787
nan nan 0 0 0 0 0 0 537 201 988
nan nan 0 0 0 0 0 0 187 124 896
nan nan 0 0 0 0 0 0 128 155 187
nan nan 0 0 0 0 0 0 235 102 12084
nan nan 0 0 0 0 0 1 284 238 3744
nan nan 0 0 0 0 0 0 1724 1285 5993
nan nan 0 0 0 0 0 0 146 301 7318
nan nan 0 0 0 0 0 0 1217 346 2570
nan nan 0 0 0 0 0 0 102 110 473
nan nan 0 0 0 0 0 0 179 215 2638
nan nan 0 0 0 0 0 1 51 671 9263
nan nan 0 0 0 0 0 1 186 110 170
nan nan 0 0 0 0 0 0 168 32 750
nan nan 0 0 0 0 0 0 313 5774 676
nan nan 0 0 0 0 0 1 275 160 1273
nan nan 0 0 0 0 0 0 67 37 74
nan nan 0 0 0 0 0 1 30 25 63
nan nan 0 0 0 0 0 0 43 26 74
nan nan 0 0 0 0 0 1 592 113 13017
nan nan 0 0 0 0 0 0 369 195 2874
nan nan 0 0 0 0 0 0 551 138 6754
nan nan 0 0 0 0 0 0 606 247 4216
nan nan 0 0 0 0 0 0 146 104 1229
nan nan 0 0 0 0 0 0 195 41 500
nan nan 0 0 0 0 0 1 128 106 244
nan nan 0 0 0 0 0 0 1867 536 8235
nan nan 0 0 0 0 0 1 88 89 669
nan nan 0 0 0 0 0 1 243 48 149
nan nan 0 0 0 0 0 1 302 77 620
nan nan 0 0 0 0 0 0 5127 452 3491
nan nan 0 0 0 0 0 0 346 390 1198
nan nan 0 0 0 0 0 0 349 143 133
nan nan 0 0 0 0 0 0 789 124 969
nan nan 0 0 0 0 0 0 365 79 3518
nan nan 0 0 0 0 0 0 126 84 92
nan nan 0 0 0 0 0 0 1498 686 4829
nan nan 0 0 0 0 0 1 87 216 382
nan nan 0 0 0 0 0 1 548 53 2654
nan nan 0 0 0 0 0 1 21 10 35
nan nan 0 0 0 0 0 0 3058 577 3714
nan nan 0 0 0 0 0 0 131 10 176
nan nan 0 0 0 0 0 1 70 45 48
nan nan 0 0 0 0 0 0 0 0 0
nan nan 0 0 0 0 0 1 2317 1160 10150
nan nan 0 0 0 0 0 0 0 0 0
nan nan 0 0 0 0 0 0 250 103 307
nan nan 0 0 0 0 0 0 104 27 55
nan nan 0 0 0 0 0 0 172 75 3426
nan nan 0 0 0 0 0 0 331 78 70
nan nan 0 0 0 0 0 0 268 276 983
nan nan 0 0 0 0 0 0 641 36 858
nan nan 0 0 0 0 0 0 44 34 697
nan nan 0 0 0 0 0 0 551 121 2037
nan nan 0 0 0 0 0 0 549 144 1338
nan nan 0 0 0 0 0 1 165 69 67
nan nan 0 0 0 0 0 0 291 112 290
nan nan 0 0 0 0 0 0 104 77 3443
nan nan 0 0 0 0 0 0 9 1 1
nan nan 0 0 0 0 0 0 307 87 3991
nan nan 0 0 0 0 0 1 20 60 134
nan nan 0 0 0 0 0 0 125 57 107
nan nan 0 0 0 0 0 1 232 72 65
nan nan 0 0 0 0 0 0 195 39 78
nan nan 0 0 0 0 0 1 150 145 199
nan nan 0 0 0 0 0 0 0 0 0
nan nan 0 0 0 0 0 1 17 1 5
nan nan 0 0 0 0 0 0 795 220 3653
nan nan 0 0 0 0 0 1 41 32 388
nan nan 0 0 0 0 0 0 789 626 8786
nan nan 0 0 0 0 0 1 60 10 76
nan nan 0 0 0 0 0 0 89 1217 1569
nan nan 0 0 0 0 0 1 2700 775 37916
nan nan 0 0 0 0 0 1 226 251 9022
nan nan 0 0 0 0 0 0 104 62 22
nan nan 0 0 0 0 0 0 270 174 444
nan nan 0 0 0 0 0 0 196 37 366
nan nan 0 0 0 0 0 0 578 115 248
nan nan 0 0 0 0 0 0 435 84 499
nan nan 0 0 0 0 0 0 628 139 1487
nan nan 0 0 0 0 0 0 80 21 348
nan nan 0 0 0 0 0 0 31 28 18
nan nan 0 0 0 0 0 0 64 611 9149
nan nan 0 0 0 0 0 0 301 310 435
nan nan 0 0 0 0 0 0 115 19 23
nan nan 0 0 0 0 0 1 88 20 18
nan nan 0 0 0 0 0 0 146 25 114
nan nan 0 0 0 0 0 1 799 1348 3099
nan nan 0 0 0 0 0 1 42 1 8
nan nan 0 0 0 0 0 1 782 18 2523
nan nan 0 0 0 0 0 1 39 32 133
nan nan 0 0 0 0 0 1 1491 273 1199
nan nan 0 0 0 0 0 0 238 398 8864
nan nan 0 0 0 0 0 0 116 57 599
nan nan 0 0 0 0 0 0 270 62 23
nan nan 0 0 0 0 0 0 226 38 406
nan nan 0 0 0 0 0 1 1050 210 589
nan nan 0 0 0 0 0 0 72 16 70
nan nan 0 0 0 0 0 0 704 166 2476
nan nan 0 0 0 0 0 0 361 91 16
nan nan 0 0 0 0 0 0 99 981 523
14.5333333333 0.0000000000 15 1 0 0 0 0 166 29 76
nan nan 0 0 0 0 0 1 9 103 154
nan nan 0 0 0 0 0 1 28 109 49
8.0833333333 0.0000000000 12 0 0 0 0 0 1356 122 57
nan nan 0 0 0 0 0 1 66 104 25
19.9000000000 0.7000000000 40 0 0 0 0 0 68 104 171
47.0000000000 1.0000000000 6 0 0 0 0 1 65 105 71
nan nan 0 0 0 0 0 0 74 114 63
nan nan 0 0 0 0 0 1 73 210 72
11.0833333333 0.0833333333 12 0 0 0 0 1 67 109 39
nan nan 0 0 0 0 0 0 38 105 87
nan nan 0 0 0 0 0 1 1 105 29
nan nan 0 0 0 0 0 1 56 104 45
nan nan 0 0 0 0 0 0 73 111 42
nan nan 0 0 0 0 0 1 65 118 17
9.6666666667 0.0000000000 15 0 0 0 0 1 5 102 33
nan nan 0 0 0 0 0 1 71 219 80
nan nan 0 0 0 0 0 1 69 208 89
nan nan 0 0 0 0 0 1 0 104 42
nan nan 0 0 0 0 0 1 60 104 14
nan nan 0 0 0 0 0 0 0 104 73
nan nan 0 0 0 0 0 1 64 105 168
8.6666666667 0.0000000000 6 0 0 0 0 1 43 110 42
18.7272727273 0.0909090909 11 0 0 0 0 1 64 103 43
19.0714285714 0.2142857143 14 0 0 0 0 1 71 110 119
nan nan 0 0 0 0 0 1 60 111 97
13.9166666667 0.0833333333 12 0 0 0 0 1 94 112 69
8.6666666667 0.0000000000 6 0 0 0 0 1 2 105 57
11.7333333333 0.0000000000 15 1 0 0 0 0 0 0 0
nan nan 0 0 0 0 0 0 56 107 162
16.0000000000 0.0000000000 6 0 0 0 0 1 77 105 37
7.7692307692 0.0000000000 13 0 0 0 0 0 2206 173 62
8.7500000000 0.0000000000 12 0 0 0 0 0 59 107 49
7.1666666667 0.0000000000 6 0 0 0 0 1 52 109 44
nan nan 0 0 0 0 0 1 67 105 56
nan nan 0 0 0 0 0 0 64 104 33
19.6250000000 0.2500000000 8 0 0 0 0 1 2 105 58
23.0833333333 0.1666666667 12 1 0 0 0 0 5 106 29
nan nan 0 0 0 0 0 0 0 0 0
nan nan 0 0 0 0 0 0 39 106 73
nan nan 0 0 0 0 0 1 6 103 29
nan nan 0 0 0 0 0 0 69 109 75
9.9230769231 0.0000000000 13 1 0 0 0 1 83 105 48
nan nan 0 0 0 0 0 1 2673 177 41
nan nan 0 0 0 0 0 1 66 103 59
nan nan 0 0 0 0 0 1 65 114 17
nan nan 0 0 0 0 0 0 0 104 13
14.2500000000 0.1666666667 12 0 0 0 0 0 74 116 95
nan nan 0 0 0 0 0 0 60 103 22
nan nan 0 0 0 0 0 1 27 65 138
nan nan 0 0 0 0 0 1 78 107 57
nan nan 0 0 0 0 0 0 39 104 73
14.3125000000 0.0000000000 16 1 0 0 0 1 0 104 32
nan nan 0 0 0 0 0 0 9 102 143
nan nan 0 0 0 0 0 0 50 104 97
nan nan 0 0 0 0 0 0 90 104 84
nan nan 0 0 0 0 0 0 8 104 184
10.5714285714 0.0714285714 14 0 0 0 0 1 5 103 44
nan nan 0 0 0 0 0 0 20 105 26
nan nan 0 0 0 0 0 0 94 72 171
9.6363636364 0.0000000000 11 0 0 0 0 1 73 108 62
nan nan 0 0 0 0 0 1 65 106 14
nan nan 0 0 0 0 0 1 58 103 16
9.3333333333 0.0000000000 12 0 0 0 0 1 5 104 42
nan nan 0 0 0 0 0 0 8 104 168
33.3333333333 2.3333333333 12 0 0 0 0 1 63 103 75
nan nan 0 0 0 0 0 1 31 106 26
9.0000000000 0.0000000000 11 0 0 0 0 1 2 105 72
nan nan 0 0 0 0 0 0 0 104 27
0.0000000000 0.0000000000 2 0 0 0 0 1 67 103 39
20.1333333333 0.0666666667 15 1 0 0 0 1 71 103 42
10.6153846154 0.0000000000 13 0 0 0 0 0 2221 152 63
nan nan 0 0 0 0 0 0 39 105 107
14.0000000000 0.1333333333 15 0 0 0 0 1 67 109 39
nan nan 0 0 0 0 0 1 65 122 15
nan nan 0 0 0 0 0 1 66 110 15
11.4666666667 0.0000000000 15 0 0 0 0 1 53 207 68
nan nan 0 0 0 0 0 1 69 107 33
13.5000000000 0.0625000000 16 0 0 0 0 1 61 107 47
16.4444444444 0.7777777778 9 0 0 0 0 1 63 104 79
nan nan 0 0 0 0 0 1 1 106 28
14.5333333333 0.2000000000 15 1 0 0 0 0 57 103 68
nan nan 0 0 0 0 0 0 0 104 29
9.4166666667 0.0833333333 12 0 0 0 0 0 67 104 41
nan nan 0 0 0 0 0 0 9 101 156
nan nan 0 0 0 0 0 1 7 104 15
nan nan 0 0 0 0 0 1 63 109 75
nan nan 0 0 0 0 0 1 29 70 151
16.6875000000 0.0625000000 16 1 0 0 0 0 0 0 0
9.9090909091 0.0909090909 11 0 0 0 0 0 0 105 40
21.8181818182 0.2727272727 11 0 0 0 0 1 33 104 40
nan nan 0 0 0 0 0 1 61 106 31
nan nan 0 0 0 0 0 0 35 68 108
nan nan 0 0 0 0 0 1 66 110 16
nan nan 0 0 0 0 0 0 0 104 37
25.4166666667 0.1666666667 12 0 0 0 0 1 0 104 26
nan nan 0 0 0 0 0 1 5 103 16
nan nan 0 0 0 0 0 0 59 106 95
nan nan 0 0 0 0 0 1 66 107 15
13.0769230769 0.0000000000 13 1 0 0 0 1 4 106 28
nan nan 0 0 0 0 0 1 67 106 19
1.0000000000 0.0000000000 1 0 0 0 0 0 65 105 35
nan nan 0 0 0 0 0 1 64 103 32
nan nan 0 0 0 0 0 0 0 105 224
nan nan 0 0 0 0 0 1 59 109 13
nan nan 0 0 0 0 0 1 67 111 20
nan nan 0 0 0 0 0 0 61 103 184
8.0833333333 0.0000000000 12 0 0 0 0 0 3091 194 59
16.6000000000 0.0000000000 10 1 0 0 0 1 54 1 30
13.2000000000 0.0666666667 15 0 0 0 0 1 0 104 32
11.0000000000 0.0000000000 3 0 0 0 0 1 65 103 26
20.5333333333 0.1333333333 15 1 0 0 0 0 54 106 118
15.8181818182 0.0909090909 11 0 0 0 0 0 64 103 57
23.1333333333 0.6000000000 15 1 0 0 0 0 60 103 121
nan nan 0 0 0 0 0 1 7 100 101
4.0000000000 0.0000000000 3 0 0 0 2 1 96 46 15
nan nan 0 0 0 0 0 0 0 0 0
nan nan 0 0 0 0 0 0 0 0 0
nan nan 0 0 0 0 0 0 0 0 0
nan nan 0 0 0 0 0 0 0 0 0
nan nan 0 0 0 0 0 0 0 0 0
nan nan 0 0 0 0 0 0 0 0 0
nan nan 0 0 0 0 0 0 300 1 32
nan nan 0 0 0 0 0 0 0 0 0
nan nan 0 0 0 0 0 1 504 1 40
nan nan 0 0 0 0 0 1 503 1 39
nan nan 0 0 0 0 0 0 0 0 0
nan nan 0 0 0 0 0 0 0 0 0
nan nan 0 0 0 0 0 1 850 2 101
nan nan 0 0 0 0 0 0 0 0 0
nan nan 0 0 0 0 0 1 848 1 112
nan nan 0 0 0 0 0 0 0 0 0
nan nan 0 0 0 0 0 0 0 0 0
nan nan 0 0 0 0 0 0 0 0 0
nan nan 0 0 0 0 0 0 0 0 0
nan nan 0 0 0 0 0 0 0 0 0
nan nan 0 0 0 0 0 0 0 0 0
nan nan 0 0 0 0 0 0 700 1 52
nan nan 0 0 0 0 0 0 501 2 32
nan nan 0 0 0 0 0 0 0 0 0
nan nan 0 0 0 0 0 0 300 1 24
nan nan 0 0 0 0 0 0 0 0 0
nan nan 0 0 0 0 0 0 0 0 0
nan nan 0 0 0 0 0 0 1201 2 70
nan nan 0 0 0 0 0 0 0 0 0
nan nan 0 0 0 0 0 1 500 1 45
nan nan 0 0 0 0 0 0 500 1 25
nan nan 0 0 0 0 0 0 0 0 0
nan nan 0 0 0 0 0 0 0 0 0
nan nan 0 0 0 0 0 0 0 0 0
nan nan 0 0 0 0 0 0 0 0 0
nan nan 0 0 0 0 0 0 0 0 0
nan nan 0 0 0 0 0 1 602 1 38
nan nan 0 0 0 0 0 1 501 1 36
nan nan 0 0 0 0 0 0 0 0 0
nan nan 0 0 0 0 0 0 0 0 0
nan nan 0 0 0 0 0 1 848 1 94
nan nan 0 0 0 0 0 1 1160 2 129
nan nan 0 0 0 0 0 0 0 0 0
11.2000000000 0.0000000000 5 3 125362 128695 607889 1 336 5863330 114
nan nan 0 0 0 0 0 1 41 4408 9
5.0000000000 0.1666666667 6 0 12108 11033 94841 1 728 18265469 258
17.0000000000 0.0000000000 1 1 63 36 898 1 277 702595 1516
35.6338028169 0.5352112676 71 20 6811 2004 5108 1 1700 1258922 10843
7.8333333333 0.0000000000 6 6 6731 3124 74006 0 400 2778411 4002
29.8518518519 0.3703703704 27 19 30209 31834 108711 0 812 2544789 4109
67.7500000000 1.0312500000 32 11 37237 11156 17926 1 426 1378526 2273
60.1666666667 1.8333333333 6 0 16 1 2 1 560 5852 6336
61.9390243902 0.3414634146 82 48 11318 1048 2439 1 617 767820 9957
27.0000000000 0.2000000000 5 1 290852 2419 28278 1 453 2740779 841
53.4166666667 0.6666666667 12 12 92 210 1274 1 433 118284 4157
87.1304347826 0.4347826087 23 20 7932 58968 73197 0 358 1329354 1970
67.7142857143 0.0000000000 84 33 108 43 818 0 1924 32962 30291
59.5309278351 1.7577319588 194 14 3704 699 1441 1 484 24692 24844
131.1428571429 0.0000000000 7 7 221 38 426 1 5 16499 2054
30.1500000000 0.0250000000 40 3 196 287 888 1 408 5570317 2806
35.4285714286 0.2857142857 14 9 175860 33974 291502 1 195 1976523 288
55.5555555556 0.1111111111 9 6 5282 8190 78475 0 165 6016163 1791
17.5426621160 0.0477815700 293 1 4627 2523 36550 1 461 13365601 27243
30.8787878788 0.0909090909 33 29 170234 300835 1624470 1 323 3965016 1714
47.9000000000 0.8000000000 10 5 41 21 292 1 653 42640 1414
55.7073170732 1.3089430894 123 44 16467 444 4994 0 1125 76753 3508
68.0000000000 0.3750000000 8 8 611936 141797 253056 0 208 4823062 855
33.0500000000 0.7000000000 20 8 165 108 795 0 236 9670 1003
nan nan 0 0 0 0 0 1 248 16821597 4774
65.0454545455 0.0454545455 44 44 1548 548 1633 1 1049 407089 347
37.7500000000 0.0000000000 8 5 54 599 983 1 121 280523 417
49.0645161290 0.2903225806 62 33 4252 1496 5457 1 436 4106307 20929
75.0769230769 3.8461538462 13 0 783 4 63 1 877 10886 2756
36.5849056604 0.5471698113 106 75 12321 4472 11007 0 160 147869 6235
152.8902439024 0.1097560976 82 77 1844 252 2563 1 629 297890 11559
24.1666666667 0.5000000000 6 3 102828 25155 272497 1 231 12336594 2014
16.8750000000 0.5833333333 24 6 197 77 260 1 429 102257 2027
146.0000000000 0.0000000000 1 1 2 14 24 0 296 130620 1730
25.2000000000 0.0000000000 5 2 1091 846 2370 1 969 1487952 3191
55.2352941176 0.4705882353 17 14 27552 10021 53328 1 1016 622038 1166
43.9649122807 0.2280701754 57 43 13731 11277 37788 1 1966 3086160 7266
nan nan 0 0 0 0 0 0 72 5348752 282
55.0000000000 0.0000000000 1 1 0 0 1 0 447 17852 2141
123.2307692308 0.6923076923 52 38 79460 30937 136735 1 519 13113703 8269
53.0138888889 0.4444444444 72 27 3533 5540 20347 1 84 1182282 316
92.0000000000 0.0000000000 2 2 3 9 25 1 890 24306 2976
62.3333333333 1.3333333333 3 3 285667 111034 192326 0 253 31474670 1426
15.2500000000 0.0000000000 4 4 344 560 6616 0 372 756241 2227
103.5555555556 0.1111111111 9 8 6 6 53 1 159 18933 902
nan nan 0 0 0 0 0 1 17 100524 45
83.8823529412 2.6470588235 102 26 115594 22758 83155 0 1193 3813388 11403
40.6666666667 0.0000000000 3 1 0 1 10 1 149 1905 786
75.7500000000 0.5000000000 4 1 25 75 196 1 23 43103 113
60.1363636364 0.7045454545 44 30 48116 29871 88073 1 1230 3780269 8144
32.5714285714 0.7142857143 7 5 65 87 530 1 569 74629 1444
39.5000000000 0.7500000000 4 0 1130 296 4821 0 297 2069690 556
59.4545454545 0.9545454545 22 3 15007 3855 11768 1 815 1692228 3592
83.0000000000 1.8000000000 5 2 0 0 1 1 295 4260 8779
76.0322580645 2.1612903226 93 46 61724 7548 20700 1 546 9571266 14052
39.8888888889 0.6666666667 9 3 0 0 5 1 588 1995 3367
26.5000000000 0.0000000000 4 2 220 271 1093 1 425 1639588 2516
22.7500000000 0.1000000000 20 8 144204 97119 1730959 1 814 61116686 4544
24.2500000000 0.0000000000 8 7 4379 4834 33664 0 48 774767 5682
45.9090909091 0.0000000000 11 8 15203 16892 104635 1 371 5100915 4649
59.5384615385 0.3076923077 26 21 17252 30455 89714 0 366 4664121 4132
22.2000000000 0.2000000000 5 1 35032 23298 181960 1 1162 11944527 4191
95.8730769231 4.7769230769 520 42 685498 129538 346582 0 609 11636535 94443
55.4000000000 0.4000000000 5 4 258499 77590 497549 1 672 48840727 2065
107.5161290323 0.0000000000 31 31 456 125 1245 1 12 39814 4172
54.5000000000 1.5000000000 4 1 138 45 252 0 635 244142 13129
64.1369863014 0.5753424658 73 10 4264 1645 3500 1 356 197044 7734
27.0000000000 0.0000000000 2 0 6955 2606 8620 0 342 27673240 1249
99.0000000000 1.5000000000 2 1 103 625 2773 0 378 15299244 1804
70.8965517241 0.2758620690 29 24 971 486 1498 1 207 5004467 5109
91.5221238938 1.8672566372 113 55 46444 28051 40289 0 772 1502552 4516
37.0000000000 0.0000000000 5 3 1072 7307 14776 1 856 717728 4931
32.3333333333 0.0000000000 3 2 83 358 2409 1 198 2551286 874
18.2000000000 0.2000000000 5 5 5 113 35 0 24 48393 212
36.8888888889 0.0000000000 9 6 157 392 1926 0 145 232405 2439
4.0000000000 0.0000000000 1 0 0 0 0 0 70 935 543
115.3333333333 0.0000000000 3 2 232 75 434 1 881 74353 1335
56.7894736842 0.1052631579 19 16 686 3477 24480 1 576 1769857 1896
101.5257985258 1.1142506143 814 759 676117 272855 562058 1 2787 15556484 49640
44.5000000000 0.2500000000 4 2 384 146 806 0 239 587010 1330
84.2857142857 0.2857142857 7 5 7 10 36 0 346 7715 3106
35.6666666667 0.0000000000 3 3 13 106 106 0 328 1497492 1085
32.0625000000 0.1250000000 16 12 1745 363 4333 1 1200 173471 3713
13.0000000000 0.0000000000 2 1 14 15 86 1 355 258624 188
nan nan 0 0 0 0 0 1 409 1707305 482
21.6666666667 0.3333333333 3 3 4 38 67 1 430 20864 1750
107.0000000000 0.3333333333 6 4 178 85 81 0 195 154005 1956
25.0000000000 0.0000000000 2 0 250 2 67 1 1 0 0
27.1666666667 0.0000000000 6 5 367325 64422 89806 1 242 53602745 1675
64.9355742297 1.7002801120 357 161 642903 296411 839831 1 1409 12846137 22633
72.4000000000 0.8000000000 5 2 2372 6123 65428 1 677 2415966 2414
51.1363636364 1.5000000000 44 7 3030 79 554 1 539 44160 19851
40.0294117647 0.6176470588 68 18 337138 286300 903963 1 1093 9160512 4159
49.2238805970 0.7910447761 67 23 6455 4764 5661 1 585 2037352 13752
22.0714285714 0.0714285714 14 11 11586 65361 591968 1 524 20622366 4013
20.0000000000 1.0000000000 3 1 130 62 802 0 779 183279 3283
22.5833333333 1.3333333333 12 10 5 7 8 1 799 2109 1577
80.8571428571 1.1428571429 7 5 0 6 3 0 409 2832 2060
nan nan 0 0 0 0 0 1 353 87437 1287
34.0000000000 1.1153846154 26 1 1731 494 1175 1 986 8020040 17879
97.2500000000 0.2500000000 4 1 120 131 319 0 537 744566 4951
146.0000000000 0.0000000000 2 2 2 1 10 0 54 33074 564
55.3846153846 0.6153846154 13 5 632 1023 6150 1 1011 536911 1159
31.3333333333 0.8888888889 9 6 345 1706 13348 1 456 691436 2291
45.0729927007 0.8430656934 274 57 51807 19117 35162 1 1007 602929 3309
100.0000000000 0.0000000000 1 1 56790 54454 89836 0 374 29029825 908
52.1000000000 0.7000000000 10 6 18 4 83 0 173 103524 3259
69.4615384615 0.0000000000 13 11 239 121 553 1 411 9024882 5056
55.3902439024 0.7560975610 41 25 4250 3196 29475 0 426 790785 8383
3.6666666667 0.0000000000 3 0 11 8 42 1 607 212693 2407
16.6153846154 0.0769230769 13 7 0 7 6 0 2202 3727 5516
44.6000000000 0.0000000000 5 4 50 119 381 0 493 55322 12737
41.8333333333 0.3333333333 6 4 16342 22199 517266 0 542 23299571 3518
38.3141592920 0.6991150442 226 153 37 332 131 0 49 40 13697
23.6000000000 0.1000000000 10 1 5059 2904 9996 1 149 15757937 768
88.5000000000 0.0000000000 4 4 2 1 14 0 459 15116 2960
32.0500000000 1.1500000000 20 1 1 2 1 0 137 377 8199
80.1250000000 0.1250000000 8 6 33 4 37 1 14 910 133
56.2666666667 0.0888888889 45 28 507 1565 14994 0 165 1045949 2200
nan nan 0 0 0 0 0 0 433 15005 392
30.3888888889 0.5555555556 18 9 349787 7996 87860 0 88 5672911 1946
93.0000000000 1.2500000000 4 1 2620 1537 19220 0 234 1240006 1131
80.0000000000 0.2857142857 7 6 3426 5811 16146 1 551 1750890 778
68.6666666667 1.6666666667 3 0 50 80 154 1 102 9166669 4586
15.9696969697 0.3333333333 33 11 10 9 34 1 428 1129 2171
36.4915254237 0.7796610169 59 26 46453 21634 74167 0 210 8782609 43661
90.9090909091 0.4090909091 22 13 113095 39318 191529 1 323 16582528 2630
34.5000000000 0.0000000000 6 6 1457 859 8255 1 15 281296 183
38.1897810219 0.2846715328 137 82 5 46 45 0 211 59 799
21.5000000000 0.5000000000 4 2 22 43 182 1 508 43717 321
36.0000000000 0.0000000000 8 6 12678 4423 37193 0 417 2681983 875
15.3000000000 0.2000000000 10 7 0 59 34 0 322 6248 54
nan nan 0 0 0 0 0 1 13 491495 108
85.5666666667 0.1333333333 30 26 113 139 590 1 302 53063 3044
137.0000000000 0.0000000000 1 1 179 130 252 0 19 17040 562
71.2075471698 0.2830188679 53 39 16716 15499 92187 1 817 70470198 2118
62.2250000000 0.1250000000 40 28 5896 4048 4923 1 99 6126131 4491
70.8571428571 0.0000000000 7 7 3738 11457 17780 1 489 924894 1612
129.2842892768 0.0947630923 401 380 660551 346377 2559006 1 2624 74930669 103463
179.0000000000 13.0000000000 1 0 22 98 490 0 149 1158041 1006
116.7251381215 0.3466850829 724 688 240888 255634 701114 1 660 16664887 151532
nan nan 0 0 0 0 0 0 33 39018800 59
73.8000000000 0.6000000000 10 7 4976352 1254095 2916229 1 143 44145598 663
52.5625000000 0.1666666667 48 32 6129 1506 11102 1 220 2872646 6646
73.3076923077 0.2115384615 104 87 5026 755 9089 1 718 955909 14329
41.0000000000 0.0000000000 4 4 6555 6593 12459 1 217 2053174 521
13.6000000000 0.2000000000 5 2 0 2 7 1 408 442 5137
11.9130434783 0.1130434783 115 26 0 7 1 1 156 70 985
61.9459459459 0.0945945946 74 67 183227 20791 104233 0 472 17645304 39567
45.7058823529 0.6470588235 17 5 227 73 122 1 321 966850 11341
61.8196721311 0.8688524590 244 57 15881 5139 21162 1 966 583860 51377
37.2881355932 0.5084745763 59 36 7542 2215 12387 0 328 374871 5382
13.6666666667 0.0000000000 3 3 0 0 1 1 305 95 43
75.7230769231 2.6769230769 65 15 42820 2604 6014 0 366 1022500 8044
15.8000000000 0.1000000000 10 4 562 1864 9455 1 403 2967746 10342
50.0000000000 0.2857142857 7 5 0 0 1 0 46 41 18
50.0000000000 0.0000000000 2 2 7996 27523 109820 1 237 3881709 1079
34.8181818182 0.1818181818 11 9 462 165 587 1 809 96238 2799
41.0000000000 0.0000000000 1 1 22297 10760 39429 0 155 31091241 302
97.2500000000 0.0000000000 4 4 1 5 3 1 63 316541 962
74.1304347826 0.1304347826 23 13 66 213 530 1 463 994562 10141
95.3043478261 0.2608695652 23 22 2917 2959 5854 0 157 885278 1100
12.6666666667 0.0000000000 3 3 10479 20335 546951 0 165 39861822 1093
100.3076923077 0.3846153846 13 10 951 3606 8353 0 671 91507193 5371
82.7268518519 0.3564814815 216 201 9243 7840 12986 0 2079 3815709 44188
95.5600000000 0.5200000000 25 17 35740 16157 46905 1 291 1524086 3058
84.1851851852 0.8888888889 27 17 1340 1713 1359 1 1273 1029695 9622
35.3308823529 1.6470588235 272 3 65 53 67 0 528 278 9354
80.8810810811 4.0324324324 185 0 51 2 7 0 131 126 37659
44.7142857143 0.1428571429 7 6 15442 19761 218554 0 398 13921308 1546
79.8918918919 1.0405405405 74 10 10040 2465 10022 0 1474 5211122 12910
88.5000000000 0.0000000000 4 2 13 8 18 1 579 101369 3378
47.0000000000 1.0000000000 6 5 25184 19574 40574 0 331 5678755 523
28.2727272727 0.5757575758 33 3 0 1 0 0 226 32 3267
46.5000000000 2.1388888889 36 3 0 14 9 0 47 20 134
17.0000000000 0.0000000000 1 0 6 2 2 1 888 2637 190
29.6666666667 0.0000000000 3 3 179456 13552 16182 0 93 2189883 586
47.4615384615 0.4615384615 13 8 7823 14096 81909 1 460 5073720 1110
109.9285714286 0.1428571429 14 8 3646 9799 50927 1 125 10585119 633
57.5744680851 3.2127659574 47 2 1 1 1 0 798 143 1400
64.3750000000 1.0000000000 16 8 92 342 527 0 803 6517 1243
37.0000000000 0.0000000000 2 1 428 423 1943 0 535 5832939 2797
nan nan 0 0 0 0 0 1 2011 280779 5856
92.8863636364 4.5340909091 88 7 195 22 17 0 474 287 39245
51.1155115512 2.4290429043 303 5 30 7 11 0 492 872 40589
23.0588235294 0.1764705882 34 2 0 0 0 1 322 76 1806
27.9035532995 1.3908629442 197 1 7 3 28 1 370 77 3686
66.2307692308 3.8076923077 52 0 46 0 3 0 701 322 3113
63.0000000000 2.0000000000 1 0 3 4 7 1 265 690896 5111
25.8333333333 0.0000000000 6 5 860 2310 8703 0 160 2097679 913
21.7992277992 1.0424710425 259 1 0 0 2 1 522 272 2222
5.4871794872 0.0256410256 39 0 0 0 0 1 274 46 3302
71.7142857143 1.3571428571 14 6 54285 74572 1004599 1 661 60342439 3480
82.2926829268 3.1382113821 123 19 977 43 44 0 517 6428 24722
41.5348837209 0.0697674419 43 33 3354 4666 13787 0 707 26459977 8727
57.1666666667 0.5833333333 12 6 42878455 28250902 31614992 1 333 44399196 1488
109.2857142857 0.0000000000 14 14 658 85 1709 1 0 90064 5988
27.7897648686 0.7289073306 723 67 4162 1282 2653 1 2550 2448993 76649
30.2000000000 0.4000000000 5 2 24 29 214 1 742 210737 1077
37.0000000000 0.0000000000 1 1 1 7 61 0 133 79115 1131
57.5062344140 0.7481296758 401 274 286737 159766 555219 1 956 9230355 26289
71.6363636364 3.6363636364 11 0 4 0 0 0 190 23 852
95.2500000000 0.5000000000 4 4 731280 632196 918916 0 461 79701162 1342
43.6043956044 1.0659340659 91 53 20661 13995 48161 0 862 2105246 11372
34.6000000000 0.5000000000 10 5 79374 21692 272757 1 189 4926791 631
29.0000000000 0.0000000000 1 1 11 49 280 1 590 123139 543
42.1612903226 1.5698924731 93 11 136 38 7 0 685 632 7230
55.9642857143 0.8035714286 56 22 26433 13180 84812 0 3 0 0
34.6339285714 1.2142857143 112 15 3742 560 3322 1 1026 354648 19989
69.9047619048 0.1428571429 21 15 8550 24262 172872 1 336 4743756 12771
65.2500000000 0.0000000000 4 4 46 52 90 0 102 171984 1529
64.9066666667 0.6133333333 75 46 11645 8071 17199 1 2748 3274403 16507
37.0000000000 0.5000000000 4 2 13 70 243 0 964 386232 3723
53.6111111111 0.5555555556 18 16 356365 197462 517328 0 337 26830011 1504
57.3884297521 0.1487603306 121 24 2157 597 2307 1 875 8206337 12574
113.0000000000 0.0000000000 1 1 64 1 620 0 59 2298535 265
34.6923076923 0.6923076923 13 3 1 0 0 0 1423 404 6636
54.8181818182 0.1818181818 11 8 255517 126950 672205 0 750 97998345 2779
154.0000000000 0.0000000000 1 1 0 14 27 1 444 30177 6957
63.0731707317 2.2682926829 41 3 321 63 99 0 977 1442 18448
11.5000000000 0.0000000000 2 0 419 509 4531 1 494 10978347 1764
64.7948717949 3.1410256410 78 2 83 14 7 0 529 835 14235
49.6036036036 1.8738738739 111 9 9 15 14 0 468 886 7915
120.7333333333 0.4000000000 15 12 18792 13257 21692 0 16 744571 410
19.9033663962 0.6112113015 6654 163 43 22 184 0 8014 1222 426000
80.7272727273 0.0000000000 11 11 120 80 355 1 5 4061 54
49.6935483871 2.3548387097 62 10 4 46 14 0 1131 317 7094
127.0000000000 0.0000000000 1 1 1266 865 8471 1 679 970376 341
58.5000000000 0.0000000000 6 6 2739101 301964 1155752 1 732 50007326 894
45.8571428571 1.4285714286 7 3 1 1 1 1 79 83 905
78.7692307692 0.0769230769 13 9 1266 4551 17673 0 976 335373 1838
nan nan 0 0 0 0 0 1 371 11098 3117
29.0000000000 0.0000000000 3 2 14331 33809 140530 0 965 20708283 804
62.1666666667 1.3333333333 12 0 22 49 112 1 1769 612136 9748
45.1111111111 2.4444444444 27 0 0 0 0 0 234 90 592
83.2658959538 4.4219653179 173 3 2826 3 19 0 710 274 9899
54.0200000000 0.1600000000 50 34 0 1 1 0 36 63 667
18.6206896552 0.6034482759 116 8 0 4 10 1 388 93 871
132.2611464968 0.1910828025 314 293 230581 103547 208008 0 1264 2788103 51398
43.1620498615 1.6121883657 722 198 264 29 24 0 817 68 4334
52.1111111111 0.1111111111 9 5 183144 115392 126969 0 480 24335047 3280
145.0000000000 1.0000000000 1 1 3 4 67 0 426 752525 6563
15.4285714286 0.2857142857 14 0 0 0 0 0 171 37 422
36.4285714286 0.0714285714 14 11 1401 4124 37017 1 66 1430691 1769
119.7272727273 0.6363636364 11 8 257 211 62 0 61 150157 1316
45.7500000000 0.2500000000 4 2 90 110 316 1 145 539823 303
38.5522388060 1.7761194030 67 9 8 10 21 0 83 20 2550
35.6937394247 1.1184433164 591 19 5 5 50 0 1452 581 30384
4.2181818182 0.0000000000 110 0 0 0 0 1 115 17 1692
81.2280701754 0.2456140351 57 38 25843 22842 74028 1 4999 2498544 1746
38.8888888889 1.8333333333 90 1 3 1 6 1 376 297 29359
55.1538461538 2.4615384615 13 2 345 283 119 0 225 112 848
48.0000000000 0.1111111111 9 8 29 364 2199 0 335 43748 634
119.0487804878 0.2195121951 41 40 55465 65897 48436 1 794 7810675 31905
24.0000000000 0.1000000000 10 8 61383 12036 63455 1 362 7622826 364
11.0000000000 0.0000000000 5 3 935 814 7766 1 341 738365 3841
17.8196721311 0.7431693989 183 6 2 3 14 0 106 29 2657
2.6086956522 0.0000000000 23 0 0 0 0 0 111 0 332
28.2515923567 0.6178343949 314 24 3 10 6 0 897 1010 7470
43.3333333333 0.0000000000 9 4 5822 3656 49909 0 158 4209362 1407
101.0000000000 0.0000000000 1 1 53 74 320 0 89 16980 127
41.0000000000 0.0000000000 1 1 146 671 16194 0 139 7440291 227
38.8356164384 2.3424657534 73 2 55 24 3 1 129 245 15524
25.4152542373 0.9406779661 118 0 0 7 2 0 915 341 13932
nan nan 0 0 0 0 0 1 635 163271 5061
nan nan 0 0 0 0 0 1 1915 53534822 1065
49.4285714286 0.0000000000 14 10 11 243 811 0 349 30064 1348
18.5000000000 0.0000000000 6 3 4866 10 94699 1 129 69138206 2150
2.5000000000 0.0000000000 2 1 2819 1686 28603 1 401 1113690 370
25.5000000000 0.5000000000 4 1 1 0 1 1 366 10436 5952
66.4000000000 0.8000000000 5 3 1198496 64312 247860 1 67 10078964 156
69.5000000000 3.0000000000 2 0 104 54 199 1 64 1145017 1653
70.0000000000 0.9090909091 11 8 1334866 344669 1226915 0 601 99417835 3803
70.8571428571 1.0000000000 7 3 9095 10 37890 0 460 80098564 9490
83.6854838710 2.4677419355 124 39 112229 39701 89985 0 558 2188762 5138
86.2000000000 5.3000000000 30 1 3 0 0 0 1527 792 3346
46.1250000000 0.3750000000 8 7 33 180 258 1 186 2194297 1507
0.0000000000 0.0000000000 1 0 3 4 4 1 68 3150 39
16.0526315789 0.0000000000 95 95 787 366 6271 0 33 164381 4309
10.5853658537 0.0975609756 82 3 1 6 10 1 357 316 15348
29.6666666667 0.0000000000 3 3 758 2444 64407 1 381 17315087 2268
78.5629629630 0.0370370370 135 98 859 827 7663 1 376 203709 16820
11.5000000000 0.0000000000 2 2 159 472 3776 0 340 618592 1656
31.6595744681 0.3191489362 47 23 81398 33170 224199 1 984 15066975 2499
86.0714285714 0.6071428571 28 7 41796 24508 71759 1 144 9273594 9951
66.7500000000 0.5000000000 8 6 185 682 3331 1 1073 884368 4823
16.5000000000 0.1666666667 6 5 321 1045 2090 1 2 211619 223
73.2631578947 0.0526315789 19 15 1849 3290 7163 0 1010 374458 4006
32.7692307692 0.0769230769 13 9 208 175 2240 0 487 147420 1151
90.2500000000 0.1000000000 20 10 53294 18080 36783 0 318 4905553 2903
52.1176470588 0.3529411765 17 12 93642 42454 44549 1 360 3420366 987
50.3333333333 0.3333333333 3 1 40 19 70 1 507 16896 1021
79.1818181818 0.0000000000 22 20 26950 3963 49754 1 1191 26588992 16337
48.5555555556 1.3333333333 9 3 2127912 181022 962012 1 669 64604961 3685
39.3636363636 0.3636363636 11 5 29604 21313 33766 1 47 2674599 400
97.0000000000 0.0000000000 1 1 3 21 116 1 1227 1559339 7493
123.7142857143 1.2857142857 7 7 1090 1707 11509 1 448 13216823 1699
90.7439024390 0.5975609756 82 73 59346 9215 68117 0 155 3265629 15960
69.7142857143 0.0000000000 7 6 6082 9345 71279 0 914 11763661 7805
7.0000000000 0.0000000000 1 0 260 619 650 1 213 1680998 1024
25.9142857143 1.1428571429 35 4 2 12 5 0 836 97 2939
21.3000000000 0.3400000000 50 10 0 0 9 1 55 24 138
25.4285714286 0.0000000000 7 6 7811 9905 158999 1 348 5880876 2576
25.3636363636 0.1818181818 11 5 59504 61577 490138 1 168 8664817 730
45.1538461538 0.0000000000 13 9 143 1109 1083 0 374 90941 996
37.2857142857 0.9714285714 35 9 1 3 5 0 361 54 5265
140.3333333333 0.9333333333 15 14 211872 31222 110558 0 70 146579 1731
0.0000000000 0.0000000000 1 0 0 1 10 1 507 25833 1207
40.7500000000 0.2500000000 4 3 3 0 35 0 82 14227 237
28.8947368421 0.8125000000 304 138 38449 22380 214976 0 829 6321980 68154
133.2361111111 0.8194444444 72 67 299024 37351 95851 0 1577 10033778 42531
nan nan 0 0 0 0 0 1 539 5488 786
86.0000000000 0.0000000000 1 1 0 0 0 1 394 8499 453
69.1212121212 3.8484848485 33 0 55 0 6 1 3 0 0
nan nan 0 0 0 0 0 0 944 2936198 21139
24.8000000000 0.2000000000 5 2 0 3 2 0 105 140 691
81.1500000000 0.1500000000 20 16 6882 4268 6993 0 144 185136 358
63.8571428571 0.5714285714 7 2 315 131 684 0 112 493661 1614
107.1600000000 0.2200000000 50 45 34290 27297 133190 0 354 3816823 5891
58.0512820513 0.2564102564 39 22 993 1218 5036 0 467 335183 13171
91.8750000000 0.1250000000 16 12 5 0 37 1 406 11410 6712
82.4885057471 1.0977011494 348 59 59810 23368 42838 1 1678 7830699 33748
37.5000000000 0.5000000000 2 1 778803 75457 465484 1 226 35141958 974
129.5602165088 0.7063599459 739 708 423030 482176 1313126 1 4666 58013759 143416
88.7142857143 0.0714285714 14 14 10130 20288 129107 0 11 7456555 587
101.9655172414 1.1379310345 29 24 3087 1787 1129 1 99 1123304 455
24.6666666667 0.0000000000 3 2 3082 2625 4085 1 601 4758916 1100
58.0000000000 0.1000000000 10 10 495 1512 20879 1 39 970890 183
25.1084337349 0.8192771084 83 33 2 45 156 0 590 957 581
80.4285714286 0.9285714286 14 12 146218 52695 340665 0 352 13697412 2477
33.0000000000 0.1428571429 7 4 75483 45637 210820 0 396 41885224 5418
38.9310344828 1.1379310345 29 7 0 28 43 0 115 108 544
59.5000000000 0.5000000000 2 0 1 0 6 0 62 15597 673
93.8571428571 1.0535714286 168 149 1281293 89094 130360 0 672 9334184 29266
31.6666666667 0.0000000000 3 2 32100 31201 147928 1 421 5350257 2488
37.0000000000 0.0000000000 4 4 275 179 582 0 12 30378 783
3.0000000000 0.0000000000 1 1 649 529 2692 1 276 11609476 2273
73.6049382716 3.8024691358 81 3 161 0 38 0 630 527 20785
55.7142857143 0.2857142857 7 6 632 813 6850 0 373 13358722 5522
38.7500000000 0.1250000000 8 2 44036 5 72960 0 13 13072323 44
59.8979591837 0.1836734694 49 32 6069 2528 6899 1 591 559706 5983
49.8571428571 0.2857142857 7 6 2292 5745 130554 0 212 4686485 554
80.1428571429 1.0000000000 7 7 1990621 248665 1374938 0 306 40035040 4252
21.8571428571 0.0000000000 7 6 91295 63590 239754 0 368 10102696 1667
23.5000000000 0.0833333333 12 11 68774 27156 375246 0 107 25600376 4830
43.5972222222 0.2777777778 288 63 39390 9641 29252 1 2022 5707595 24556
4.0000000000 0.0000000000 22 0 0 0 0 0 770 179 1088
146.0000000000 0.0000000000 1 1 1 0 6 0 373 7988 906
48.0625000000 0.2083333333 192 168 36575 35257 218615 1 1666 44930852 40424
82.7777777778 0.0000000000 9 8 739 867 4896 0 625 355576 3175
nan nan 0 0 0 0 0 1 1265 237154 3371
69.0000000000 0.0000000000 1 1 23 139 1110 1 458 11539605 1560
20.5000000000 0.2500000000 4 3 8258 16702 371673 1 358 30114517 1563
44.5000000000 1.5000000000 2 1 37 132 650 0 247 745479 1974
18.4000000000 1.0000000000 40 3 0 9 2 1 427 84 852
62.5375170532 0.1405184175 733 618 1571093 604411 4384554 1 1731 26627431 76229
28.0000000000 0.0000000000 4 2 16777 13368 50517 0 286 13395628 5265
9.5000000000 0.0000000000 2 2 157 317 1781 1 38 1263927 824
76.6044303797 4.0348101266 316 1 123 6 6 0 361 110 17381
50.5714285714 0.2857142857 7 6 69654 54308 441202 1 594 43492839 4291
59.0000000000 0.0000000000 1 1 469 1923 16883 1 241 40746585 1407
6.2338308458 0.1044776119 201 6 1 29 24 1 124 63 2524
21.8333333333 0.0000000000 6 6 506 3589 5797 0 107 4023115 2022
41.7000000000 0.8000000000 10 9 867 553 11655 0 517 7782440 4006
42.5000000000 1.3750000000 8 3 115 256 1047 0 764 796269 3430
28.2727272727 0.0909090909 11 8 447 167 882 1 1069 502487 1841
72.0000000000 0.0000000000 2 2 1 2 17 1 966 46097 1304
40.5909090909 0.2272727273 22 18 1767 3984 16532 1 110 19603965 24375
49.5432098765 1.3703703704 81 6 2140 293 747 1 612 788094 10055
38.0909090909 1.0000000000 11 4 5 1 8 0 401 912 3786
49.7500000000 0.0000000000 4 4 37034 86160 1732515 1 258 75872630 1123
38.3846153846 0.5384615385 13 1 778 98 993 1 305 192994 18612
19.0000000000 0.0000000000 1 0 7090 3249 15382 0 174 10025555 1539
67.9642857143 2.3928571429 56 18 51908 11129 30804 0 628 4458451 5672
73.0000000000 0.6000000000 5 3 392 382 983 0 1258 1399158 8600
19.3000000000 0.2000000000 10 7 15481 18727 49617 1 653 8142881 5989
20.0000000000 0.0000000000 1 1 0 21 74 0 1921 200999 5916
nan nan 0 0 0 0 0 0 24 18153 194
16.0000000000 0.0000000000 1 1 0 0 2 0 822 3323 2353
84.1904761905 4.0476190476 42 3 10 9 6 0 204 234 4829
125.4682539683 1.1825396825 126 101 42988 12575 22702 0 814 5464453 27319
60.7500000000 0.0000000000 4 2 1 0 9 0 1647 17378 3036
94.8000000000 0.2000000000 5 4 37 26 72 1 838 6918278 6706
49.9720670391 0.8324022346 179 57 15490 5052 13496 1 923 299658 20355
29.8750000000 0.0000000000 8 8 556 3142 11310 0 798 2631908 2902
21.4285714286 0.2857142857 7 1 12 24 160 1 374 20042 7375
31.3125000000 0.0000000000 16 15 1 95 54 0 235 8257 6980
51.5312500000 0.2187500000 32 17 2439 2206 8467 0 54 18416872 882
72.7815126050 1.3109243697 119 30 765 1529 2970 1 628 2398987 2342
29.0666666667 0.0666666667 15 11 2293 2130 23869 0 232 608879 1974
24.1304347826 0.1739130435 23 10 1228 87 2551 1 876 125554 630
14.0000000000 1.0000000000 1 0 0 0 0 0 180 1293 2812
nan nan 0 0 0 0 0 1 113 10448 682
18.5000000000 0.0000000000 4 3 3 35 16 0 622 32242 4156
32.7500000000 0.7500000000 8 6 1210001 134043 1369438 1 381 25701801 835
60.1111111111 0.5000000000 18 14 318 386 2840 0 742 114467 1699
53.2631578947 2.0676691729 133 35 137509 47841 322182 1 970 4405094 10679
66.5000000000 0.7500000000 16 9 4524 38978 135210 1 351 9499145 3366
47.6250000000 0.6250000000 8 8 3499 4845 23136 0 602 2061026 3252
33.1621621622 0.2432432432 37 22 20017 10542 95756 1 880 2991998 2339
44.0000000000 0.5000000000 28 13 94 50 52 1 675 52486 10483
nan nan 0 0 0 0 0 0 169 15741 218
73.8025477707 1.3885350318 157 74 338231 123882 216786 1 599 8172745 2666
78.0864864865 4.0216216216 185 8 200 6 10 1 614 495 25699
12.2500000000 0.0000000000 4 0 419542 65572 450807 1 249 12199292 939
78.0869565217 1.4347826087 23 4 306 23 42 1 1895 536855 14663
65.8571428571 0.5714285714 14 9 51166 42686 606697 0 286 12166450 2366
42.0000000000 0.0000000000 1 1 26 112 865 0 638 2946896 3178
40.0000000000 0.6666666667 3 1 440 4973 9101 1 761 13920637 2860
23.5000000000 0.6666666667 6 2 121 165 1832 1 572 446430 4830
30.0000000000 0.7500000000 8 6 83931 94752 686382 0 746 36643148 5148
35.0000000000 0.5000000000 2 2 212 2 22565 1 310 6711157 3449
26.8750000000 0.1354166667 96 37 24480 25450 114608 1 1451 2124714 30107
36.0000000000 2.6666666667 3 2 91 122 830 0 415 150820 2565
20.8983050847 0.3220338983 59 32 6049 5547 18611 1 219 465015 14043
41.5714285714 0.0000000000 7 4 771 582 1840 1 348 252022 3215
46.7500000000 0.0000000000 4 4 28 355 1174 1 4 124201 456
92.0256410256 4.5494505495 273 14 243576 5133 29691 0 571 1202877 45460
48.0000000000 0.0000000000 2 2 15251 22073 39049 1 282 11189604 1739
41.0909090909 0.0909090909 11 8 0 30 17 0 333 635 755
27.4567901235 0.1234567901 81 32 7447 1656 9814 1 8 3181478 10938
40.5700000000 0.1600000000 100 71 4672 1376 8022 0 540 921832 11452
64.2758620690 0.6206896552 58 18 18372 6642 7457 1 812 596714 6921
53.4347826087 0.6086956522 23 16 23270 28175 245648 0 277 7121806 4874
103.3076923077 0.9230769231 13 11 75569 107115 431559 0 815 5668655 2008
24.0000000000 0.5952380952 42 1 1 9 19 0 576 80 3433
21.1052631579 1.4473684211 38 1 0 0 0 1 208 94 1428
16.8947368421 0.2105263158 19 6 0 4 12 1 159 37 209
83.9527559055 2.3149606299 127 61 96639 22948 44243 0 386 2076867 6049
21.6739130435 0.3043478261 46 12 3 15 3 0 302 57 2109
44.1111111111 0.0833333333 36 32 6370 18370 32668 0 94 57086665 2483
10.8284313725 0.2696078431 204 19 45 52 330 0 271 227 4066
39.0519480519 1.3896103896 77 10 24 6 3 0 288 114 2283
84.7500000000 0.0416666667 24 20 7 9 29 0 563 18394 9230
28.3703703704 0.6296296296 27 1 0 7 1 1 251 94 855
5.2994652406 0.0659536542 561 3 9 6 2 1 475 279 19523
51.5443425076 1.7675840979 327 60 30 30 40 0 726 222 13893
28.1586452763 1.3351158645 561 34 13 2 14 1 367 2015 120000
nan nan 0 0 0 0 0 1 620 291702 1308
50.7777777778 3.1111111111 9 1 0 2 2 0 382 183 2156
109.0000000000 0.5000000000 2 1 127 3 134 1 346 32646 1164
13.0370370370 0.4074074074 27 0 0 1 4 1 427 152 3198
35.8505747126 1.9310344828 87 0 3 16 7 1 90 88 2408
32.7142857143 1.9285714286 14 4 18 8 17 0 2126 2476 5493
4.0000000000 0.0000000000 1 0 0 0 0 0 76 34 317
28.0000000000 0.0000000000 5 3 243 595 2208 1 173 29566983 501
46.5714285714 0.7142857143 7 5 28887 12234 28558 1 440 3190193 1685
51.7000000000 0.6000000000 10 7 68810 21582 105281 0 257 9253138 963
45.5070422535 1.4507042254 71 9 40 19 9 0 224 855 25520
73.5000000000 0.0000000000 4 4 25 166 937 0 384 269713 2785
70.7333333333 2.0000000000 15 1 21 0 13 1 366 3647 15113
35.2333333333 0.1333333333 30 11 25162 10366 121632 0 301 5630346 1689
10.0000000000 0.0000000000 2 2 0 11 77 1 931 69382 3349
75.3333333333 2.9761904762 42 12 353 8 21 1 266 406 3818
49.0526315789 1.9736842105 38 5 0 3 4 0 470 117 145
30.1666666667 0.3333333333 6 1 0 0 0 1 161 57 290
46.5102040816 1.2040816327 98 20 0 33 26 0 245 56 1822
32.6000000000 0.8000000000 5 3 152305 69519 473832 0 433 42089617 2373
57.6888888889 2.4177777778 225 34 2384 152 116 0 541 1995 19900
18.2076271186 0.6567796610 236 1 2 5 1 0 585 130 3977
21.7500000000 0.7500000000 4 0 0 0 4 0 308 69 70
51.4318181818 2.2045454545 88 0 44 1 16 0 405 939 7813
57.2647058824 1.0294117647 34 23 5775 2964 9498 1 406 2038435 6816
32.0000000000 1.3333333333 21 3 5 8 0 0 460 119 1151
26.5192307692 0.4807692308 104 24 3 4 22 0 237 55 1712
52.4375000000 2.2500000000 64 15 7 20 37 0 1892 270 2659
40.6829268293 0.5853658537 41 21 4 19 19 0 531 138 1953
74.0705128205 2.6346153846 156 12 166 28 5 0 99 34 2288
nan nan 0 0 0 0 0 0 178 17512762 822
64.8000000000 3.3520000000 125 14 5 2 3 0 443 58 5385
65.6769911504 3.0309734513 226 17 911 43 4 0 155 564 7601
36.6710875332 2.0159151194 377 0 3 0 4 1 335 86 7244
26.8586956522 1.1739130435 92 5 4 9 30 0 746 296 5286
63.0000000000 0.0000000000 5 4 1211 472 2585 0 144 1889031 1763
42.7500000000 0.9166666667 12 2 970 24 21 1 1166 74413 2300
26.4796084829 1.2536704731 1226 2 44 1 4 0 288 47 35344
10.2682926829 0.7317073171 41 0 0 0 1 0 218 66 486
17.6190476190 0.1904761905 21 4 4 2 5 0 88 87 299
19.5000000000 0.0000000000 4 4 292617 44697 121744 1 221 7407163 2439
34.1666666667 0.5000000000 6 4 6942102 350484 798490 1 304 46498104 905
36.2352941176 1.1176470588 119 20 2 41 10 1 125 2 171
48.6238532110 2.4220183486 109 11 109 1 8 0 241 469 993
43.7924528302 2.6226415094 53 0 35 1 0 0 489 117 1919
4.0000000000 0.0000000000 32 0 0 0 0 1 140 2314 3713
21.7250000000 0.2750000000 40 11 2 22 29 0 426 522 2346
nan nan 0 0 0 0 0 0 5319 45998 11662
45.7058823529 1.0000000000 17 6 0 30 12 0 259 203 2488
57.1783439490 3.0509554140 157 4 41 2 2 0 1349 1394 13012
nan nan 0 0 0 0 0 0 3 153928 505
30.1353383459 1.2669172932 266 25 252 76 231 0 320 300 9562
nan nan 0 0 0 0 0 0 272 26935 2277
8.5000000000 0.0000000000 6 2 0 1 1 0 103 61 98
92.7352941176 4.0000000000 34 2 0 3 2 0 96 89 4463
58.3826086957 2.8521739130 115 4 3 0 1 0 211 73 844
67.0000000000 0.1666666667 6 6 0 3 19 0 88 27 195
68.9166666667 0.0000000000 84 60 141 84 682 0 353 758740 4134
24.2000000000 0.3066666667 75 41 9 10 0 0 51 14 193
59.0458715596 3.2110091743 109 5 28 22 13 1 550 498 17375
76.0000000000 0.0000000000 2 2 125 1181 4940 1 1380 2185461 2113
60.2258064516 0.4516129032 31 14 200586 74054 90760 1 72 30372690 1140
25.7727272727 0.0909090909 22 12 0 13 2 0 588 148 6246
55.9318181818 2.2727272727 44 6 1 16 15 0 199 59 1328
69.5000000000 0.1666666667 6 6 122461 57358 71380 1 139 3128868 234
44.7500000000 2.2500000000 4 1 0 6 4 1 794 149 800
63.5000000000 0.3333333333 6 5 13534 23530 230621 0 1175 12506146 4520
51.3333333333 1.1666666667 6 4 349654 53545 416802 0 457 35576923 1811
61.3333333333 0.3333333333 3 2 293789 132516 253322 1 341 31196139 928
nan nan 0 0 0 0 0 1 38 7450690 739
nan nan 0 0 0 0 0 1 43 7517 127
43.2000000000 0.6000000000 5 3 706360 96564 214154 1 402 20755817 2209
66.5000000000 2.5000000000 2 2 51 266 1203 1 354 251156 4090
49.7500000000 1.4687500000 32 9 1269 41 48 0 861 6198 1075
26.1818181818 0.2424242424 66 44 6594 1819 16021 1 498 691213 16631
27.6666666667 0.0000000000 6 5 160 161 984 1 563 72681 3051
61.2727272727 0.9090909091 11 3 506 286 350 0 306 72158 3397
35.0895522388 1.8955223881 67 2 5 7 5 0 221 42 1482
20.6666666667 0.3333333333 3 3 949231 10 972780 1 405 28944313 3444
37.6000000000 0.2000000000 5 2 8706 2563 21471 1 296 16566447 3533
83.1860465116 0.1395348837 43 41 18701 73917 90554 0 513 1376750 2313
38.5000000000 0.0000000000 12 11 13121 10703 21088 0 366 5552814 1559
33.1666666667 0.3333333333 6 6 753 721 823 1 83 514568 3192
34.7727272727 1.1818181818 22 7 3253 234 1933 0 614 79101 1637
51.7608695652 2.1739130435 46 6 6927 1296 17795 0 800 261985 1561
39.7142857143 0.0000000000 7 6 200 388 792 1 298 16596 2858
69.9707112971 0.4602510460 239 153 368777 106430 432137 0 555 15829788 21656
79.0000000000 1.6666666667 3 1 10 95 170 0 20 55385 148
34.3750000000 0.2812500000 32 15 58541 89216 976057 1 721 6504409 4749
31.5393258427 1.0561797753 89 20 8 24 20 0 344 193 1815
40.1621621622 0.8378378378 37 1 0 0 0 1 460 68 251
72.6428571429 0.4285714286 14 10 246681 43938 373324 1 213 9708147 987
19.5000000000 0.0000000000 2 1 5984 5492 23750 1 868 9701711 2224
44.5555555556 0.1333333333 45 36 1203 509 735 0 226 140766 1034
25.1428571429 0.4285714286 7 5 18502 3188 38588 1 507 2020476 1565
35.4000000000 1.2000000000 5 2 337 2089 25943 0 177 13066666 2951
71.0000000000 2.8411214953 107 31 79125 12495 84139 0 833 1611652 5124
53.7500000000 0.2777777778 36 28 626 945 4721 0 344 323477 14044
71.5000000000 2.2500000000 4 2 15785 12542 45583 1 577 27463448 4124
80.8888888889 0.3333333333 9 5 610 158 1245 1 199 104256 2211
71.1384615385 0.4615384615 65 35 27369 12872 23145 1 51 14956782 6997
22.1639344262 0.6639344262 122 8 1 9 16 0 556 576 1227
53.5813953488 0.5116279070 43 30 85249 169074 358535 1 609 8753238 7408
nan nan 0 0 0 0 0 0 728 21153853 1074
83.0672782875 1.4464831804 327 281 21317 23210 56599 1 617 12196634 36189
38.3333333333 0.0000000000 3 3 987618 299789 882073 1 0 39293230 182
152.0000000000 0.0000000000 2 2 7288 10546 144170 1 17 30604720 1077
55.4000000000 0.2000000000 5 4 192165 38404 101850 1 583 13211270 2165
75.2061068702 1.6030534351 131 108 55443 43430 91656 0 64 526838 1219
nan nan 0 0 0 0 0 1 275 316955 1320
47.5000000000 0.0000000000 4 3 145 51 180 1 729 13792 2267
106.2592592593 0.4074074074 27 24 2127060 8314 15195 0 214 1527392 8413
61.3333333333 1.1666666667 6 4 81973 61746 198933 0 214 16798643 1406
3.0000000000 0.0000000000 1 1 67 4 204 1 146 24934 526
58.3333333333 1.0000000000 3 3 89613 23581 214194 0 275 15863078 2482
47.6666666667 2.3333333333 3 0 0 0 0 0 437 193 3272
39.7000000000 0.7000000000 10 4 201589 26834 306630 1 610 39038561 2157
26.4000000000 1.3428571429 35 5 4 7 9 0 479 146 2194
73.4347826087 0.3478260870 23 12 62525 1965 22194 0 611 4017598 6075
nan nan 0 0 0 0 0 0 3 10246 277
46.2000000000 0.1000000000 10 9 1718 2206 13917 1 309 1507274 624
27.0489510490 1.2051282051 429 54 9394 9375 39093 0 703 73435320 11059
44.0000000000 0.6666666667 3 2 6152 323 2650 0 58 19117 97
14.6666666667 0.0000000000 3 3 80 198 2657 0 496 1393282 1429
53.8461538462 0.5384615385 13 9 9378 4730 25632 1 139 14315120 2215
24.0000000000 0.3333333333 3 0 10778 3591 27479 1 598 7345146 2647
144.2352941176 0.4705882353 17 17 91 60 460 0 432 230643 8319
35.4000000000 0.2000000000 10 6 190603 98624 643118 1 469 47701694 4856
nan nan 0 0 0 0 0 0 206 22 20
2.0000000000 0.0000000000 1 1 15320 33310 75315 0 182 13516750 1646
76.0434782609 0.8260869565 23 23 28904 4956 14525 0 56 848633 2720
nan nan 0 0 0 0 0 0 136 106942 975
37.5000000000 0.7500000000 4 2 113 93 418 1 332 178889 1302
29.0000000000 0.0000000000 3 3 213597 44779 188021 0 437 68888313 4636
39.0000000000 0.6666666667 3 0 0 0 0 0 417 495 3182
76.0000000000 0.0000000000 1 0 6 6 30 0 496 31055 1282
45.1666666667 1.2533333333 150 23 5 35 28 0 295 26 8479
69.1075268817 1.3118279570 93 85 17570 8932 48740 1 941 4970183 12303
110.5142857143 0.0190476190 105 104 3054 2420 21373 1 763 902144 9063
nan nan 0 0 0 0 0 0 289 169528 7542
34.4000000000 0.1000000000 10 2 1089 687 1619 0 745 662452 3738
41.7857142857 1.4642857143 28 14 5 0 6 0 984 486 6489
35.4000000000 0.0000000000 5 5 4135 6978 79428 1 12 714924 800
nan nan 0 0 0 0 0 0 476 236118 3237
46.4000000000 0.0000000000 5 4 4654 2214 30580 0 619 5886524 3896
23.2500000000 0.5000000000 4 2 6737 3464 41958 0 63 2882523 133
38.6250000000 1.8750000000 8 1 4424 5492 8601 1 825 2460998 4596
22.0000000000 0.0000000000 1 1 6 17 31 1 185 119973 273
nan nan 0 0 0 0 0 1 374 1613592 3464
74.3181818182 0.2727272727 22 11 3088 1532 1375 1 90 224753 6842
82.5000000000 0.0000000000 2 1 388316 21923 80427 1 310 34801801 1679
36.8421052632 0.0000000000 19 16 1318 719 10518 0 245 149587 4184
40.5000000000 0.0000000000 10 9 4351 13087 241360 0 838 10385052 5045
47.3333333333 0.3333333333 9 6 37572 20706 189156 1 665 9163508 2301
30.2051282051 0.7948717949 39 22 2414 4168 30331 1 504 4008710 5772
89.1818181818 0.1818181818 11 8 14 74 59 0 581 63593 11381
13.0000000000 0.0000000000 2 2 3454 5428 147372 0 68 6771487 643
45.0000000000 1.0000000000 1 0 1800 978 2577 1 141 6880 308
nan nan 0 0 0 0 0 1 547 10631 2051
116.0000000000 1.0000000000 1 1 16487 5473 61014 0 280 49185715 1235
42.0000000000 0.0000000000 1 1 20132 10305 26475 1 408 11359609 679
7.4000000000 0.0000000000 5 2 720 175 2020 1 399 173044 1062
90.7678571429 4.2142857143 56 0 8 1 0 0 109 4 693
48.3333333333 0.1666666667 18 15 4 8 11 1 355 30155 8296
97.0666666667 3.6000000000 15 6 83484 54892 65194 0 169 5490403 4753
37.8653846154 0.0000000000 52 28 1345 1237 4425 1 322 3712597 7928
40.8000000000 0.6000000000 5 3 53290 43 189008 0 519 16043208 1492
18.0892857143 0.5892857143 56 2 0 11 2 1 702 202 10731
8.0000000000 0.0000000000 2 0 0 0 0 0 459 1489 1827
54.5937500000 0.1875000000 96 66 37649 19430 83630 0 574 1924063 11446
114.4415584416 0.1125541126 231 184 14992 50472 67653 1 1053 1516225 32851
24.0000000000 0.0000000000 2 0 11 9 66 1 97 36345 142
54.1666666667 0.0555555556 18 14 907 2518 19280 1 463 876839 3810
54.8000000000 1.2000000000 5 5 3220808 361184 1437391 1 129 58249930 678
21.6056338028 0.5633802817 71 50 4 29 36 1 367 6900 21472
46.3333333333 0.4444444444 9 6 40747 12488 112167 1 976 8869458 5871
59.0000000000 0.0000000000 1 1 20 108 1125 1 464 1084939 2092
73.1736526946 0.8802395210 167 80 16278 11186 29894 1 3691 2182705 43737
39.6137339056 1.0429184549 466 13 143738 56182 52049 1 3818 978464 75804
20.4000000000 1.2000000000 20 0 0 0 0 1 0 1 56
20.4000000000 1.2000000000 20 0 0 0 0 0 60 1 56
20.4000000000 1.2000000000 20 0 0 0 0 1 0 1 56
20.4000000000 1.2000000000 20 0 0 0 0 1 0 1 56
20.4000000000 1.2000000000 20 0 0 0 0 1 0 1 55
20.4000000000 1.2000000000 20 0 0 0 0 1 0 1 54
20.4000000000 1.2000000000 20 0 0 0 0 1 0 1 56
20.4000000000 1.2000000000 20 0 0 0 0 1 0 1 53
20.4000000000 1.2000000000 20 0 0 0 0 1 0 1 56
20.4000000000 1.2000000000 20 0 0 0 0 1 0 1 56
20.4000000000 1.2000000000 20 0 0 0 0 1 0 1 56
20.4000000000 1.2000000000 20 0 0 0 0 1 0 1 56
20.4000000000 1.2000000000 20 0 0 0 0 1 0 1 52
20.4000000000 1.2000000000 20 0 0 0 0 1 0 1 56
20.4000000000 1.2000000000 20 0 0 0 0 1 0 1 56
20.4000000000 1.2000000000 20 0 0 0 0 0 60 2 56
20.4000000000 1.2000000000 20 0 0 0 0 1 0 1 55
20.4000000000 1.2000000000 20 0 0 0 0 1 0 1 56
20.4000000000 1.2000000000 20 0 0 0 0 1 0 1 56
66.3333333333 3.0000000000 12 0 0 0 0 1 1 1 47
67.0000000000 3.0000000000 16 0 0 0 0 0 1 1 49
66.3333333333 3.0000000000 12 0 0 0 0 0 1 1 43
66.0909090909 3.0000000000 11 0 0 0 0 1 1 1 42
66.0909090909 3.0000000000 11 0 0 0 0 1 1 1 42
66.0909090909 3.0000000000 11 0 0 0 0 0 1 1 42
66.3333333333 3.0000000000 12 0 0 0 0 1 1 1 43
66.0909090909 3.0000000000 11 0 0 0 0 0 1 1 43
65.0000000000 3.0000000000 12 0 0 0 0 1 1 1 46
66.0909090909 3.0000000000 11 0 0 0 0 1 1 1 43
66.0909090909 3.0000000000 11 0 0 0 0 0 1 1 43
59.8041237113 0.9175257732 97 52 28403 16 15 0 376 277 998
27.3333333333 1.4444444444 36 0 0 0 0 1 201 1 441
27.7142857143 1.4571428571 35 0 0 0 0 1 201 1 439
30.4285714286 1.4285714286 28 0 0 0 0 0 59 1 447
30.4285714286 1.4285714286 28 0 0 0 0 0 201 1 447
27.3333333333 1.4444444444 36 0 0 0 0 1 201 1 440
27.3333333333 1.4444444444 36 0 0 0 0 1 201 1 440
30.4285714286 1.4285714286 28 0 0 0 0 1 201 1 447
27.3333333333 1.4444444444 36 0 0 0 0 1 201 1 439
30.4285714286 1.4285714286 28 0 0 0 0 1 201 1 448
31.0370370370 1.4444444444 27 0 0 0 0 0 201 1 447
nan nan 0 0 0 0 0 0 94 72 171
nan nan 0 0 0 0 0 0 50 104 97
39.0769230769 0.1659919028 494 16 3 6 41 1 59 49 1893
nan nan 0 0 0 0 0 1 0 104 32
15.5000000000 0.1666666667 12 0 0 0 0 1 27 65 138
16.4615384615 0.2307692308 13 0 0 0 0 1 83 105 48
30.4285714286 1.4285714286 28 0 0 0 0 1 201 1 432
21.3571428571 0.0714285714 14 1 0 0 0 0 39 106 78
nan nan 0 0 0 0 0 1 66 103 59
2.0000000000 0.0000000000 40 0 0 0 0 1 0 1 197
60.8000000000 0.0000000000 10 10 0 0 0 1 64 103 50
44.0000000000 0.0000000000 10 10 0 0 0 1 67 105 59
15.0909090909 0.1818181818 11 0 0 1 1 1 71 110 119
12.5384615385 0.0000000000 13 0 0 0 0 1 78 107 57
19.0000000000 0.4000000000 15 0 0 0 0 1 73 108 62
nan nan 0 0 0 0 0 1 31 106 26
nan nan 0 0 0 0 0 0 20 105 27
20.3333333333 0.0000000000 3 2 0 0 0 1 67 109 40
nan nan 0 0 0 0 0 1 60 103 14
nan nan 0 0 0 0 0 1 0 104 42
40.2727272727 0.0000000000 11 10 0 0 0 0 9 102 145
44.1111111111 0.0000000000 9 8 0 0 0 0 9 101 158
13.7666666667 0.0000000000 30 0 0 0 0 1 71 219 82
nan nan 0 0 0 0 0 0 60 103 22
nan nan 0 0 0 0 0 1 5 102 33
nan nan 0 0 0 0 0 1 848 1 112
66.3333333333 3.0000000000 12 0 0 0 0 1 1 1 45
nan nan 0 0 0 0 0 1 61 106 31
19.0625000000 0.1250000000 16 1 0 0 0 0 67 104 41
nan nan 0 0 0 0 0 1 5 103 44
nan nan 0 0 0 0 0 1 1 105 29
36.3846153846 1.3846153846 91 0 0 0 0 0 61 1 121
15.5769230769 0.0769230769 26 0 0 0 0 0 39 104 78
11.9230769231 0.0000000000 13 0 0 0 0 1 74 210 74
27.4000000000 0.3333333333 15 1 0 0 0 0 74 114 63
44.0000000000 0.0000000000 1 1 0 0 0 0 8 104 185
67.1641791045 3.4179104478 67 0 0 0 0 0 52 1 1060
35.7894736842 0.0000000000 19 12 0 0 0 0 68 104 176
36.3846153846 1.3846153846 91 0 0 0 0 0 55 1 121
nan nan 0 0 0 0 0 0 0 104 13
nan nan 0 0 0 0 0 0 0 104 73
30.4285714286 1.4285714286 28 0 0 0 0 1 201 1 448
31.0370370370 1.4444444444 27 0 0 0 0 1 201 1 445
30.4285714286 1.4285714286 28 0 0 0 0 1 201 1 449
67.1692307692 3.4153846154 65 0 0 0 0 0 54 1 1055
12.4000000000 0.0000000000 5 0 0 0 0 0 1356 123 57
30.4285714286 1.4285714286 28 0 0 0 0 0 201 1 446
36.3846153846 1.3846153846 91 0 0 0 0 0 61 1 115
67.1692307692 3.4153846154 65 0 0 0 0 0 0 1 1078
nan nan 0 0 0 0 0 0 64 104 33
30.4285714286 1.4285714286 28 0 0 0 0 0 60 1 450
44.1413043478 0.3586956522 276 6 0 0 5 1 130 95 923
67.1692307692 3.4153846154 65 0 0 0 0 0 0 1 1098
2.0000000000 0.0000000000 40 0 0 0 0 0 0 1 177
39.0218579235 0.2513661202 183 1 0 1 16 0 66 837 1007
2.0000000000 0.0000000000 40 0 0 0 0 1 0 1 177
31.0370370370 1.4444444444 27 0 0 0 0 1 202 1 446
17.9696969697 1.1515151515 66 0 0 0 0 0 61 1 106
37.0674157303 1.3932584270 89 0 0 0 0 0 61 1 112
66.0909090909 3.0000000000 11 0 0 0 0 0 1 1 44
12.4666666667 0.0000000000 15 0 0 0 0 1 2673 177 41
36.4418918919 0.1432432432 740 5 0 0 1 0 354 129 4167
nan nan 0 0 0 0 0 1 60 104 41
30.4285714286 1.4285714286 28 0 0 0 0 0 56 1 447
36.3846153846 1.3846153846 91 0 0 0 0 0 61 1 121
100.9433962264 4.3584905660 106 0 40 0 0 1 198 131 55531
36.3846153846 1.3846153846 91 0 0 0 0 0 61 3 109
38.6806526807 0.2797202797 429 0 2 0 9 0 469 179 2361
36.3846153846 1.3846153846 91 0 0 0 0 0 61 1 115
nan nan 0 0 0 0 0 1 6 103 29
15.4166666667 0.0000000000 12 1 0 0 0 1 60 111 97
36.3846153846 1.3846153846 91 0 0 0 0 0 61 3 112
67.1692307692 3.4153846154 65 0 0 0 0 0 0 1 941
64.8800000000 3.3600000000 100 0 0 0 0 0 81 1 2863
2.0000000000 0.0000000000 40 0 0 0 0 1 0 1 177
11.0000000000 0.0000000000 14 0 0 0 0 0 2206 174 70
59.0000000000 0.0000000000 8 8 0 0 0 1 61 107 54
41.5000000000 0.0000000000 8 8 0 0 0 1 2 105 74
20.4000000000 1.2000000000 20 0 0 0 0 1 0 1 56
27.3333333333 1.4444444444 36 0 0 0 0 0 201 1 440
31.0432692308 0.1682692308 208 6 0 0 0 0 176 86 1362
64.9019607843 3.3725490196 102 0 0 0 0 0 62 2 2760
30.7647058824 0.1176470588 17 4 0 0 0 1 69 208 91
nan nan 0 0 0 0 0 0 501 2 32
14.0769230769 0.0384615385 26 0 0 0 0 0 38 105 92
15.9629629630 0.1111111111 27 1 0 0 0 0 59 109 95
64.8800000000 3.3600000000 100 0 0 0 0 0 61 1 2587
61.8787878788 2.2424242424 33 0 0 0 0 1 61 1 445
nan nan 0 0 0 0 0 1 1 106 28
67.1692307692 3.4153846154 65 0 0 0 0 0 61 2 1056
32.3639846743 0.1954022989 261 5 0 0 0 0 170 130 1157
9.9166666667 0.0000000000 12 0 0 0 0 0 3090 195 59
nan nan 0 0 0 0 0 1 0 104 32
30.7830985915 0.1380281690 355 1 0 0 0 0 182 131 3681
nan nan 0 0 0 0 0 1 64 105 168
36.9605263158 0.2138157895 304 4 0 0 0 0 150 73 671
64.7524752475 3.3564356436 101 0 0 0 0 0 63 1 2353
38.2666666667 0.0000000000 15 12 0 0 0 0 59 107 53
30.4285714286 1.4285714286 28 0 0 0 0 0 201 1 447
nan nan 0 0 0 0 0 1 56 104 45
67.1692307692 3.4153846154 65 0 0 0 0 0 0 1 915
nan nan 0 0 0 0 0 1 65 114 17
22.0000000000 0.3000000000 10 0 0 0 0 1 28 109 49
40.3636363636 0.0000000000 11 7 0 0 0 1 64 103 38
15.3571428571 0.0714285714 14 0 0 0 0 0 73 112 42
67.1692307692 3.4153846154 65 0 0 0 0 0 0 1 1083
nan nan 0 0 0 0 0 1 7 100 101
62.6666666667 2.2666666667 30 0 0 0 0 0 224 1 599
37.0000000000 0.3529411765 17 0 0 0 0 1 15 115 736
nan nan 0 0 0 0 0 1 69 107 34
66.3333333333 3.0000000000 12 0 0 0 0 0 1 1 45
18.0000000000 0.0000000000 1 1 0 0 0 0 56 107 162
67.1692307692 3.4153846154 65 0 0 0 0 0 0 1 892
18.7500000000 0.1250000000 8 3 0 0 0 0 176 30 77
42.0000000000 0.0000000000 11 10 0 0 0 1 9 103 156
nan nan 0 0 0 0 0 0 0 104 37
nan nan 0 0 0 0 0 1 65 106 14
nan nan 0 0 0 0 0 1 58 103 30
13.6923076923 0.0769230769 13 0 0 0 0 1 5 104 42
20.4000000000 1.2000000000 20 0 0 0 0 1 0 1 56
28.0000000000 0.0000000000 1 1 0 0 0 0 8 104 169
nan nan 0 0 0 0 0 0 0 104 27
21.5000000000 0.2142857143 14 3 0 0 0 1 71 103 42
13.4230769231 0.0384615385 26 0 0 0 0 0 39 105 107
27.3333333333 1.4444444444 36 0 0 0 0 1 201 1 439
49.0000000000 0.0000000000 1 1 0 0 0 1 66 109 16
15.1111111111 0.0740740741 27 0 0 0 0 0 90 105 89
16.0000000000 0.0000000000 3 0 0 0 0 0 35 68 108
20.6666666667 0.0000000000 3 2 0 0 0 1 67 107 40
nan nan 0 0 0 0 0 0 60 103 121
nan nan 0 0 0 0 0 1 65 122 15
51.2000000000 0.0000000000 10 10 0 0 0 1 53 207 75
nan nan 0 0 0 0 0 0 0 104 29
35.0000000000 0.0000000000 2 2 0 0 0 1 29 70 152
20.4000000000 1.2000000000 20 0 0 0 0 1 0 1 56
11.3000000000 0.0000000000 10 0 0 0 0 1 33 104 50
36.3846153846 1.3846153846 91 0 0 0 0 0 61 1 107
nan nan 0 0 0 0 0 1 66 110 16
38.1428571429 0.3571428571 14 3 0 0 1 1 94 112 69
nan nan 0 0 0 0 0 1 66 107 15
62.6666666667 2.2666666667 30 0 0 0 0 1 58 2 492
17.6428571429 0.1428571429 14 0 0 0 0 0 54 106 118
31.7500000000 0.0000000000 4 3 0 0 0 1 67 106 19
nan nan 0 0 0 0 0 0 0 105 224
nan nan 0 0 0 0 0 1 59 109 13
31.0370370370 1.4444444444 27 0 0 0 0 1 201 1 446
31.7500000000 0.0000000000 4 3 0 0 0 1 67 111 20
nan nan 0 0 0 0 0 0 61 103 184
31.0370370370 1.4444444444 27 0 0 0 0 1 201 1 448
nan nan 0 0 0 0 0 0 5 106 29
nan nan 0 0 0 0 0 1 54 1 30
62.8387096774 2.2580645161 31 0 0 0 0 1 60 2 479
nan nan 0 0 0 0 0 1 65 117 17
20.8000000000 0.0666666667 15 0 0 0 0 0 64 104 57
62.6666666667 2.2666666667 30 0 0 0 0 0 61 2 588
36.3846153846 1.3846153846 91 0 0 0 0 0 61 1 121
nan nan 0 0 0 0 0 0 300 1 32
nan nan 0 0 0 0 0 1 5 103 16
32.0932835821 0.5671641791 268 89 0 0 3 1 109 45 818
46.5714285714 0.0000000000 7 6 0 0 0 1 66 104 31
nan nan 0 0 0 0 0 1 4 106 58
nan nan 0 0 0 0 0 1 504 1 40
20.4000000000 1.2000000000 20 0 0 0 0 1 0 1 56
62.6666666667 2.2666666667 30 0 0 0 0 0 53 2 232
nan nan 0 0 0 0 0 1 503 1 39
nan nan 0 0 0 0 0 1 850 2 101
27.3333333333 1.4444444444 36 0 0 0 0 1 201 1 437
62.6666666667 2.2666666667 30 0 0 0 0 0 215 4 606
62.6666666667 2.2666666667 30 0 0 0 0 0 61 2 232
62.6666666667 2.2666666667 30 0 0 0 0 0 53 11 219
nan nan 0 0 0 0 0 0 59 106 53
nan nan 0 0 0 0 0 0 700 1 52
62.6666666667 2.2666666667 30 0 0 0 0 1 60 1 499
20.4000000000 1.2000000000 20 0 0 0 0 1 0 1 56
30.4285714286 1.4285714286 28 0 0 0 0 1 201 1 444
62.6666666667 2.2666666667 30 0 0 0 0 0 61 2 219
20.4000000000 1.2000000000 20 0 0 0 0 1 0 1 56
20.4000000000 1.2000000000 20 0 0 0 0 1 0 1 56
62.8387096774 2.2580645161 31 0 0 0 0 0 61 1 462
62.6666666667 2.2666666667 30 0 0 0 0 1 54 1 470
nan nan 0 0 0 0 0 0 74 116 95
62.6666666667 2.2666666667 30 0 0 0 0 1 51 1 474
62.6666666667 2.2666666667 30 0 0 0 0 0 61 8 220
62.6666666667 2.2666666667 30 0 0 0 0 1 220 2 627
20.4000000000 1.2000000000 20 0 0 0 0 1 0 1 56
nan nan 0 0 0 0 0 0 57 103 68
62.6666666667 2.2666666667 30 0 0 0 0 0 221 4 603
62.6666666667 2.2666666667 30 0 0 0 0 1 55 2 461
37.7785714286 0.2142857143 280 1 0 0 0 0 269 112 3075
27.3333333333 1.4444444444 36 0 0 0 0 0 201 1 435
17.0769230769 0.0769230769 13 1 0 0 0 0 69 108 75
48.0000000000 0.0000000000 1 1 0 0 0 1 7 104 16
62.6666666667 2.2666666667 30 0 0 0 0 0 61 4 220
23.8333333333 0.1666666667 12 0 0 0 0 1 63 109 75
62.6666666667 2.2666666667 30 0 0 0 0 0 53 1 474
62.1612903226 2.2580645161 31 0 0 0 0 1 59 1 475
30.4285714286 1.4285714286 28 0 0 0 0 0 202 1 449
20.4000000000 1.2000000000 20 0 0 0 0 1 0 1 56
62.6666666667 2.2666666667 30 0 0 0 0 0 61 1 222
27.3333333333 1.4444444444 36 0 0 0 0 0 201 1 441
62.6666666667 2.2666666667 30 0 0 0 0 0 60 1 479
12.4000000000 0.1333333333 15 0 0 0 0 0 2221 152 63
27.3333333333 1.4444444444 36 0 0 0 0 1 201 1 441
62.6666666667 2.2666666667 30 0 0 0 0 0 61 1 219
66.3333333333 3.0000000000 12 0 0 0 0 0 1 1 46
27.3333333333 1.4444444444 36 0 0 0 0 1 201 1 439
62.6666666667 2.2666666667 30 0 0 0 0 1 61 1 378
27.3333333333 1.4444444444 36 0 0 0 0 0 201 1 440
66.3333333333 3.0000000000 12 0 0 0 0 1 1 1 44
30.4285714286 1.4285714286 28 0 0 0 0 0 201 1 447
30.4285714286 1.4285714286 28 0 0 0 0 1 58 1 448
30.4285714286 1.4285714286 28 0 0 0 0 0 201 1 445
